cna	estimate	SE	quasiSE	quasiVar	CNA_type	timing	no_call	calls	observ
amp_chr_10p	-3.971325685358003	0.20384298109488225	0.163085119156674	0.026596756090346556	Amp	3.971325685358003	152	12	164
amp_chr_10q	-3.6640825446714804	0.2126619985943277	0.17392097458164862	0.030248505399430466	Amp	3.6640825446714804	155	9	164
amp_chr_11p	-1.4670915435669567	0.3851883442570054	0.36441722307962776	0.13279991247706718	Amp	1.4670915435669567	109	6	115
amp_chr_11q	-1.747122510944615	0.2673594403119429	0.23742913631909524	0.056372594773231505	Amp	1.747122510944615	95	16	111
amp_chr_12p	-5.177913810687692	0.29035076920351255	0.26224271477948913	0.06877124145491649	Amp	5.177913810687692	156	8	164
amp_chr_12q	-5.761328139029239	0.3268820598147444	0.3019355098310177	0.09116505209691657	Amp	5.761328139029239	156	8	164
amp_chr_13q	-7.193097054087769	0.676827736851939	0.665009445293102	0.44223756232903927	Amp	7.193097054087769	159	5	164
amp_chr_14q	-4.763985465778682	0.28694027180648163	0.259597054049335	0.06739063047109334	Amp	4.763985465778682	150	14	164
amp_chr_15q	-4.56606363572159	0.46494277368004033	0.4470428472354494	0.19984730726437733	Amp	4.56606363572159	106	3	109
amp_chr_16p_BCMA	-3.76069073002762	0.19005046884361068	0.14537329580831246	0.021133395134171118	Amp	3.76069073002762	146	18	164
amp_chr_16q	-5.324241156817912	0.19998055844478577	0.15706877136306147	0.02467059893750168	Amp	5.324241156817912	131	33	164
amp_chr_17p	-2.6049586884021627	0.18904834501119014	0.14460297805436292	0.02091002126219057	Amp	2.6049586884021627	142	22	164
amp_chr_17q	-2.3467237252708113	0.17318436098788179	0.12406732801493939	0.015392701880766564	Amp	2.3467237252708113	138	26	164
amp_chr_18p	-3.0609463686775777	0.1560930665468482	0.09833524274178934	0.009669819965086634	Amp	3.0609463686775777	125	39	164
amp_chr_18q	-2.900575275715526	0.1539660263833518	0.09525387069683601	0.009073299882729553	Amp	2.900575275715526	123	41	164
amp_chr_19p	-2.153727533226906	0.2719647889079342	0.24213537682400868	0.058629540709704685	Amp	2.153727533226906	90	9	99
amp_chr_19q	-1.8213753742526357	0.60659318767312	0.5943701863263707	0.35327591839364464	Amp	1.8213753742526357	95	4	99
amp_chr_1p	-4.8387049162763756	0.247455349374297	0.2141045973721363	0.04584077861588459	Amp	4.8387049162763756	151	13	164
amp_chr_1q_MCL1	-1.7011402653317116	0.1521315731849044	0.09526379209718076	0.00907519008473488	Amp	1.7011402653317116	115	49	164
amp_chr_20p	-3.995128569827068	0.24497627872869746	0.21188770269956456	0.044896398555299054	Amp	3.995128569827068	158	6	164
amp_chr_20q	-3.751940510326544	0.21258323247036334	0.17358590926497977	0.03013206789534979	Amp	3.751940510326544	154	10	164
amp_chr_21q	-2.245795781311271	0.5143363274134678	0.49908006546929423	0.24908091174883504	Amp	2.245795781311271	128	2	130
amp_chr_22q	-4.063208185291931	0.1925447519253852	0.14774912467091428	0.021829803841021372	Amp	4.063208185291931	149	15	164
amp_chr_2p	-1.763328981129574	0.2157304730980713	0.18151763861566117	0.032948653128605766	Amp	1.763328981129574	151	13	164
amp_chr_2q	-1.7835187072868834	0.22187397128739195	0.18965587035654424	0.03596934916069831	Amp	1.7835187072868834	153	11	164
amp_chr_3p	-2.23054904433755	0.6057198858807004	0.5930057180137308	0.3516557815969804	Amp	2.23054904433755	114	1	115
amp_chr_3q_TERC	-1.5605038128072628	0.3939389980572343	0.373871050252948	0.13977956221724236	Amp	1.5605038128072628	113	6	119
amp_chr_4p	-2.2584750925076342	0.17181092116960475	0.12455570943526721	0.015514124752922714	Amp	2.2584750925076342	135	29	164
amp_chr_4q	-2.6326713588967414	0.1628475099394362	0.10998481230085495	0.012096658936854295	Amp	2.6326713588967414	131	33	164
amp_chr_5p	-1.7768342159696506	0.5219120176423196	0.5068924207754915	0.25693992623963785	Amp	1.7768342159696506	107	2	109
amp_chr_6p	-1.4801044304306596	0.16537441566520283	0.1203767874284574	0.014490570951596018	Amp	1.4801044304306596	131	33	164
amp_chr_6q	-3.8054469032578915	0.18454754971980647	0.13822450629585717	0.01910601414073346	Amp	3.8054469032578915	137	27	164
amp_chr_7q	-3.9518774318559453	1.8216846667965576	1.813447744424047	3.288592721756664	Amp	3.9518774318559453	118	2	120
amp_chr_8p	-6.149102009192164	0.7353619839670152	0.723604378349122	0.5236032963660192	Amp	6.149102009192164	158	6	164
amp_chr_8q_MYC_amp	-3.676073686827708	0.28515977262790243	0.2595283297623604	0.06735495394924047	Amp	3.676073686827708	154	10	164
amp_chr_9p	-2.8766693442062086	0.30114082214092225	0.2748745802620195	0.0755560348742214	Amp	2.8766693442062086	88	10	98
amp_chr_9q	-3.197804561989672	0.22006385707492418	0.182239205890496	0.03321112816359859	Amp	3.197804561989672	73	22	95
del_chr_10p	-0.3871250175548746	0.5393722673805554	0.5248396187204464	0.2754566253786235	Del	0.3871250175548746	161	3	164
del_chr_10q	-2.6020363695819966	0.307519260820025	0.28176109467347155	0.079389314471593	Del	2.6020363695819966	161	3	164
del_chr_11p	-9.057922353161391	1.4195253548369962	1.413403900567283	1.9977105861388098	Del	9.057922353161391	155	9	164
del_chr_11q_BIRC2	-4.844855965737463	0.2751040295836309	0.24516490398351684	0.060105830145247036	Del	4.844855965737463	154	10	164
del_chr_12p	-5.049151072429404	0.25744688961464773	0.22640784609141557	0.05126051277175412	Del	5.049151072429404	149	15	164
del_chr_12q	-4.395907041177245	0.2069171252278729	0.16704585414935277	0.027904317388486838	Del	4.395907041177245	144	20	164
del_chr_13q	-0.7534744163474607	0.1478345789797664	0.0981643068409308	0.009636231137560415	Del	0.7534744163474607	81	83	164
del_chr_14q_MAX	-0.8124703305289139	0.21704328986101182	0.18024832132937119	0.03248945734205625	Del	0.8124703305289139	142	22	164
del_chr_15q	-4.237163327317887	0.3525170426712041	0.3297534515687212	0.10873733882148497	Del	4.237163327317887	158	6	164
del_chr_16p	-1.7189919260945625	0.2051601946085452	0.16714509689618856	0.027937483416436263	Del	1.7189919260945625	152	12	164
del_chr_16q_CYLD	-1.9111745064573062	0.16266953755328606	0.10834087646675819	0.011737745513585359	Del	1.9111745064573062	136	28	164
del_chr_17p	-1.8033327404803121	0.28734899153101495	0.263595153516251	0.06948240495725594	Del	1.8033327404803121	157	7	164
del_chr_17q	-4.28034243937518	0.36417520050065577	0.3421136819728296	0.11704177139300638	Del	4.28034243937518	159	5	164
del_chr_18p	-6.5220086039199385	0.9449066971027371	0.9349355510226418	0.8741044845660109	Del	6.5220086039199385	161	3	164
del_chr_18q	-4.72366787931552	0.4076234883805077	0.3868579939786876	0.14965910750521427	Del	4.72366787931552	161	3	164
del_chr_19p	-7.295647659242074	1.4865927222379933	1.4811454757577935	2.1937919203577803	Del	7.295647659242074	160	4	164
del_chr_19q	-6.263779112730619	0.6052156677018424	0.5909877376419688	0.3492665060431725	Del	6.263779112730619	158	6	164
del_chr_1p_CDKN2C	-1.7134707896042027	0.27107878651169964	0.2463306700895921	0.060678799026787474	Del	1.7134707896042027	156	8	164
del_chr_1p_EVI5	-1.2012344485468114	0.20110081126093077	0.16504973146210855	0.02724141385571414	Del	1.2012344485468114	149	15	164
del_chr_1p_TENT5C	-2.17660343198644	0.20094909867001232	0.16163659934234512	0.026126390246957804	Del	2.17660343198644	151	13	164
del_chr_1q	-1.2239747332055044	0.26723647517804666	0.23827893892608742	0.056776852735742095	Del	1.2239747332055044	160	4	164
del_chr_20p	-1.9643398125867835	0.20095674129693789	0.16090206183030034	0.02588947350124179	Del	1.9643398125867835	150	14	164
del_chr_20q	-2.2274909882832428	0.18766665109969047	0.1449568311136062	0.021012482886498547	Del	2.2274909882832428	152	12	164
del_chr_21q	-2.215453636985864	0.5362056790801929	0.5203823197525316	0.27079775871102596	Del	2.215453636985864	161	3	164
del_chr_22q_XBP1	-0.8663435574913143	0.21271660585564892	0.17925359218611686	0.03213185031162669	Del	0.8663435574913143	140	24	164
del_chr_2p	-2.491533502715239	0.26376205278899656	0.23289905827090512	0.054241971343474464	Del	2.491533502715239	159	5	164
del_chr_2q_SP140	-2.328322930177442	0.22925763721031586	0.1934571714056343	0.037425677168268966	Del	2.328322930177442	156	8	164
del_chr_3p	-5.055290666354432	0.48262983933611114	0.4657789065238697	0.21694998976257177	Del	5.055290666354432	158	6	164
del_chr_3q_BCL6	-3.863912818244677	0.3362106798753905	0.31414368028306217	0.0986862518617868	Del	3.863912818244677	158	6	164
del_chr_4p_NSD2	-3.8793144924455985	0.3626814565775846	0.34113765604801366	0.11637490037393289	Del	3.8793144924455985	161	3	164
del_chr_4q	-3.8097808535292574	0.30207861933276164	0.27622921281522755	0.07630257801252029	Del	3.8097808535292574	157	7	164
del_chr_5p	-3.6603555419452	0.3674850800888778	0.34676980305442945	0.12024929631040777	Del	3.6603555419452	159	5	164
del_chr_5q	-3.916216503430777	1.679246403369558	1.6747693538877098	2.804852388721457	Del	3.916216503430777	163	1	164
del_chr_6p	-5.698474965087887	0.8779851628653828	0.8691351280051969	0.75539587073261	Del	5.698474965087887	161	3	164
del_chr_6q	-1.8028633385553359	0.15730003282916194	0.1042097272069436	0.0108596672445456	Del	1.8028633385553359	134	30	164
del_chr_7p	-2.8669102581928936	0.2524324215260687	0.22068416119070713	0.048701499000446014	Del	2.8669102581928936	156	8	164
del_chr_7q	-6.639020144290098	1.546626084401558	1.5404905017032844	2.373110985838037	Del	6.639020144290098	162	2	164
del_chr_8p	-2.4622412912164826	0.17898056494546796	0.13229626115892146	0.01750230071662955	Del	2.4622412912164826	151	13	164
del_chr_8q_MYC_del	-0.5290938587416517	0.4219906210855093	0.4039252551792501	0.16315561177162233	Del	0.5290938587416517	162	2	164
del_chr_9p	-3.023752627026792	0.33933123119197955	0.31697025354542036	0.10047014163264807	Del	3.023752627026792	159	5	164
del_chr_9q	-4.22882412611844	0.8200032656664333	0.8095438880627168	0.6553613066997005	Del	4.22882412611844	162	2	164
HyperDiploidy	0	0	0.11977733753741868	0.014346610587552726	Amp	0	88	76	164
