sample	amp_chr_1p	amp_chr_1q_MCL1	amp_chr_2p	amp_chr_2q	amp_chr_3p	amp_chr_3q_TERC	amp_chr_4p	amp_chr_4q	amp_chr_5p	amp_chr_5q	amp_chr_6p	amp_chr_6q	amp_chr_7p	amp_chr_7q	amp_chr_8p	amp_chr_8q_MYC_amp	amp_chr_9p	amp_chr_9q	amp_chr_10p	amp_chr_10q	amp_chr_11p	amp_chr_11q	amp_chr_12p	amp_chr_12q	amp_chr_13q	amp_chr_14q	amp_chr_15q	amp_chr_16p_BCMA	amp_chr_16q	amp_chr_17p	amp_chr_17q	amp_chr_18p	amp_chr_18q	amp_chr_19p	amp_chr_19q	amp_chr_20p	amp_chr_20q	amp_chr_21q	amp_chr_22q	del_chr_1p_CDKN2C	del_chr_1p_EVI5	del_chr_1p_TENT5C	del_chr_1q	del_chr_2p	del_chr_2q_SP140	del_chr_3p	del_chr_3q_BCL6	del_chr_4p_NSD2	del_chr_4q	del_chr_5p	del_chr_5q	del_chr_6p	del_chr_6q	del_chr_7p	del_chr_7q	del_chr_8p	del_chr_8q_MYC_del	del_chr_9p	del_chr_9q	del_chr_10p	del_chr_10q	del_chr_11p	del_chr_11q_BIRC2	del_chr_12p	del_chr_12q	del_chr_13q	del_chr_14q_MAX	del_chr_15q	del_chr_16p	del_chr_16q_CYLD	del_chr_17p	del_chr_17q	del_chr_18p	del_chr_18q	del_chr_19p	del_chr_19q	del_chr_20p	del_chr_20q	del_chr_21q	del_chr_22q_XBP1
SCI001	0	0.013	0.02	0.021	0	0	0.033	0	0.958	1	0.521	0.056	0.93	0.943	0.034	0.027	0.005	0.005	0.025	0.012	0	0	0	0	0	0.039	1	0	0.061	0	0	0	0	0.738	0.718	0	0	0	0	0.989	0.98	0	0	0	0	0.023	0.023	0.01	0.071	0	0	0	0	0	0	0	0	0	0	0	0	0.051	0.051	0.049	0.05	0.98	0	0	0.005	0	0.013	0.061	0.036	0.038	0	0	0.999	0.015	0.033	0.015
SCI002	0.019	0.019	0.015	0.018	0.02	0.019	0.018	0.019	0.013	0.014	0.013	0.013	0.019	0.018	0.007	0.007	0.017	0.025	0.02	0.02	0.014	0.016	0	0	0.01	0.003	0.02	0.025	0.001	0.03	0.027	0	0	0.013	0.019	0.009	0.019	0.025	0.027	0	0	0	0	0	0	0	0	0	0	0	0	0	0	0	0	0	0	0	0	0	0	0	0	0.012	0.012	0	0	0	0	0	0	0	0.016	0.016	0	0	0	0	0	0
SCI003	0.021	0.092	0.014	0	0	0	0.012	0.013	0.011	0	0.001	0.001	0	0	0.006	0.006	0	0.239	0.036	0.036	0	0.551	0	0	0	0.005	0	0.021	0	0.023	0.014	0	0	1	0	0.027	0.018	0	0.01	0	0	0	0	0	0	0.004	0.004	0	0	0	0.004	0	0	0.036	0.02	0	0	0.002	0	0	0	0.001	0	0.083	0.084	1	0	0.788	0	0.003	0	0	0.038	0.038	0	0.085	0	0	0.002	0
SCI004	0	0	0	0	0.958	0.958	0	0	0.929	1	1	0.137	0.01	0.008	0	0.015	1	1	0	0	0.877	1	0	0	0	0.011	1	0.013	0.086	0	0	0.008	0.005	0.962	0.946	0	0	0	0	0.059	0.059	0.059	0.049	0.031	0.014	0	0	0.02	0.005	0	0	0	0	0	0	0.015	0	0	0	0.001	0.013	0	0	0.017	0.017	0.007	0	0	0	0	0.05	0.05	0	0	0	0	0.042	0.041	0.055	0.013
SCI005	0.008	0	0	0	0	0	0	0	0	0	0	0	0	0	0	0	0	0.021	0.006	0.001	0.001	0	0	0	0	0	0.01	0.002	0	0.009	0.01	0	0	0	0	0	0.002	0	0	0	0	0	0.004	0.013	0.013	0.01	0.006	0.006	0	0.019	0.009	0.003	0.028	0.015	0.01	0.025	0.016	0.019	0	0	0	0	0.009	0.036	0.037	0.02	0.005	0	0	0.009	0	0	0.047	0.047	0.032	0.004	0.02	0	0	0.438
SCI006	0.012	0.012	0	0.004	0.007	0.007	0.005	0.004	0.008	0.008	0.009	0	0.009	0.012	0.015	0	0	0.01	0.021	0.002	0.005	0.005	0	0	0.006	0.028	0.021	0.011	0.006	0.022	0.015	0	0	0.006	0.017	0.009	0.009	0.019	0.02	0	0	0	0	0.004	0	0	0	0	0	0	0	0	0.001	0	0	0	0.002	0.006	0	0	0	0	0	0.031	0.031	0	0	0	0	0	0	0	0.037	0.037	0	0	0	0	0	0
SCI007	0.103	1	0	0	0.954	0.938	0.987	0.989	0.984	0.984	1	1	1	1	0	0	0.954	1	0.01	0.009	0.913	0.915	0.034	0.034	0	0.009	0.992	0.811	0.777	1	1	1	1	1	0.104	0	0.031	0	0.081	0.005	0.005	0.005	0	0.014	0.014	0	0	0	0	0	0	0	0	0	0	0.017	0.017	0	0	0	0	0	0	0	0	0.018	0	0	0	0	0	0	0	0	0	0	0.024	0	0.026	0
SCI009	0	0.041	0.022	0.022	0.021	0.021	0.004	0.009	0.011	0.02	0.023	0	0.034	0.026	0.022	0.017	0.081	1	0.006	0	0.034	0.034	0	0	0	0.015	0.015	0.781	0	0	0	0.017	0.024	0.008	0	0	0	0.018	0	1	0	0	0	0	0	0	0	0.062	0	0	0	0	1	0	0	0	0	0	0	0	0.011	0	0	0.035	0.035	1	0.002	0	0	1	0.013	0.001	0	0	0	0.006	0.003	0.003	0	0.03
SCI010	0.006	0.093	0.01	0.01	0	0	0.026	0.026	0.914	1	0.033	0.033	0.958	0.957	0	0.353	0.973	0.997	0.018	0.02	0.772	0.772	0	0	0.014	0.031	1	0.047	0	0	0.102	0.969	0.969	0.834	1	0.28	0	0	0	0	0	0	0	0	0	0.033	0.03	0	0	0	0	0	0	0	0	0.868	0	0	0	0	0	0	0	0.153	0.153	0	0	0	0.035	0.976	0.031	0	0	0	0	0	0	0.28	0.024	0.874
SCI011	0.006	0.007	0.016	0.012	0.012	0.012	0.014	0.014	0.009	0.009	0.009	0.009	1	1	0.027	0.014	1	1	0.019	0.015	0.009	0.009	0.004	0.004	0.019	0.01	0.008	0.003	0.011	0	0	1	1	0.958	0.974	0.012	0.012	0.018	0	0	0	0	0	0	0	0	0	0	0	0	0	0	0	0	0	0	0	0	0	0	0	0	0	0	0	0	0	0	0.001	0	0.006	0.006	0	0	0	0	0	0	0	0.002
SCI012	0	0	0	0	0.956	0.956	0.44	0.454	0.948	1	0.01	0.01	0	0	0	0	0.97	0.984	0.001	0	0.875	0.882	0	0	0.003	0	0.968	0.022	0.092	0	0	0.006	0.006	0.99	0.994	0	0	0	0	0.027	0.027	0.027	0.027	0.01	0.002	0	0	0	0	0	0	0	0	0.057	0.057	0.003	0.003	0	0	0	0.009	0	0	0.04	0.04	0	0	0	0	0	0.025	0.025	0	0	0	0	0.03	0.01	0.042	0.004
SCI013	0.018	0.423	0	0.003	0.027	0.027	1	1	1	1	0	0	0.958	0.97	0.013	0.013	1	1	0.011	0	0	0.972	0	0	0.026	1	0.983	0.029	0	1	1	1	1	0.891	0.891	0.03	0.034	1	0	0	0	0.575	0	0.004	0	0	0	0	0	0	0	0.011	0.005	0	0	0	0	0	0	0	0.003	0.036	0	0.042	0.042	0	0	0	0	0.127	0	0	0	0	0	0	0	0	0	0.585
SCI014	0	0	0.001	0.001	0.048	0.048	0.003	0.022	0.883	0.955	0.008	0.035	0	0	0.014	0.014	0.918	0.899	0.002	0.001	0.835	0.835	0	0	0	0.016	1	0.009	0.073	0	0	0	0	0.824	0.807	0	0	0.006	0	0.02	0.02	0.02	0.02	0	0	0	0	0	0	0	0	0	0	0.038	0.038	0	0	0	0	0	0	0	0	0.064	0.064	0.988	0	0	0	0	0.026	0.026	0.021	0.021	0	0	0.979	0.98	0	0.011
SCI015	0.004	0.538	0	0	0	0	0.022	0.016	0.008	0	0	0	0.003	0.003	0	0	0	0.008	0.022	0	0	0	0	0	0	0.016	0	0.009	0.009	0.003	0.003	0	0	0.018	0.02	0.003	0.003	0.089	0	0.008	0.008	0.008	0	0.014	0.005	0.013	0.011	0	0	0	0.006	0.003	0.003	0	0	0.001	0.001	0.029	0	0	0.011	0.018	0.018	0.047	0.047	0.766	0	0	0	0	0	0	0.043	0.043	0	0	0	0	0	0.061
SCI016	0.156	0.156	0.266	0.297	0.967	0.998	0.365	0.418	1	1	0	0	1	1	0	0.173	1	1	0.091	0.091	1	1	0.051	0.051	0.035	0.112	1	0.142	0.142	0.273	0.974	0.188	0.188	1	1	0.023	0.023	0.076	0	0	0	0	0	0	0	0	0	0	0	0	0	0.008	0.595	0	0	0.639	0	0	0	0	0	0	0	0	0	0	0	0	0	0	0	0	0	0	0	0	0	0	0	0.007
SCI017	0.024	0.063	0.031	0.03	0.01	0.01	0.039	0.039	0.02	0.024	0.014	0.014	0.027	0.027	0.029	0.029	0.032	0.059	0.027	0.027	0	0	0	0	0	0.009	0.001	0.018	0	0.037	0.02	0.013	0.013	0	0	0.02	0.02	0.025	0.006	0	0	0	0	0	0	0	0	0	0	0	0	0	0	0	0	0	0	0	0	0	0	0.017	0.003	0.001	0.006	0.979	0	0	0	0	0	0	0	0	0.024	0.04	0	0	0	0
CSL193	0.066	0.069	0.024	0.017	0	0	0	0.016	0	0.003	0.019	0.019	0.008	0.004	0	0	0.054	0.133	0.018	0.018	0.014	0.014	0	0	0	0	0	0.035	0.053	0.021	0.019	0	0	0	0	0	0	0.009	0	0	0	0	0	0	0	0.009	0.006	0.005	0	0.004	0	0	0	0	0	0.116	0.116	0	0	0	0	0	0	0.024	0.029	0.97	0.974	0.002	0	0	0	0	0.005	0.005	0.056	0.062	0.282	0.003	0	0
SCI018	0	0.001	0.003	0.001	0	0	0	0	0	0	0.001	0.001	0.002	0.002	0	0.212	0.012	0.008	0	0	0	0	0	0	0	0.006	0.011	0.002	0.004	0.016	0.004	0	0	0	0	0	0	0.006	0	0	0	0	0.002	0	0	0.006	0.004	0.001	0.001	0	0.003	0	0	0	0	0.002	0	0	0	0.003	0.005	0.007	0.007	0.007	0.007	0.336	0	0	0	0	0	0	0.002	0.002	0.014	0.014	0.001	0.006	0	0.002
SCI019	0	0	0.006	0.025	0.949	0.949	0	0.004	0.966	1	0	0.034	1	1	0.688	0.688	1	1	0	0	0.883	0.883	0	0.006	0	0.01	0.927	0.021	0.095	0.825	0.797	0.055	0.055	0.985	0.985	0	0	1	0	0.054	0.054	0.054	0.059	0	0	0	0	0.014	0	0	0	0.035	0	0	0	0	0	0	0	0.006	0.004	0	0	0.001	0	0.345	0	0	0	0	0	0	0	0	0	0	0.041	0.051	0	0.068
SCI020	0.056	0.015	0.026	0.013	0	0	0.014	0.014	0	0	0.017	0.017	0.014	0.014	0.01	0.01	0	0.095	0.016	0.016	0	0	0	0	0	0.018	0	0.048	0.043	0.047	0.04	0	0	0	0	0.023	0.023	0.009	0	0	0	0	0	0	0	0.014	0.015	0	0	0.002	0.002	0	0	0	0	0	0	0.005	0	0	0	0.016	0.028	0.037	0.037	0.985	0	0.018	0	0	0	0	0.035	0.035	0.026	0.03	0	0	0	0.975
SCI021	0.003	0.003	0.02	0.007	0.287	0.292	0.035	0.056	0.751	0.754	0	0	0	0	0.009	0.009	1	1	0.008	0.008	0.747	0.629	0	0	0	0.022	1	0.021	0.079	0	0	0.764	0.764	0.595	0.595	0	0	0.724	0	0	0	0	0	0	0	0	0	0	0	0	0	0.152	0.152	0.039	0.039	0	0	0	0	0	0	0	0	0.096	0.096	0.777	0	0	0	0	0.024	0.048	0	0	0	0	0.017	0.029	0	0.068
SCI023	0.019	0.019	0.008	0.014	0	0	0	0.013	0.001	0.001	0.018	0.018	0.007	0.007	0.017	0.014	0.118	0.575	0.013	0.025	0	0	0.005	0.005	0	0.02	0	0.035	0	0.022	0.024	0	0.026	0	0	0	0.011	0.176	0	0	0	0	0	0	0	0.01	0.005	0	0	0	0	0	0	0	0	0	0	0	0	0	0	0.014	0.023	0	0	0.359	0	0.008	0.369	0.436	0	0	0.147	0	0.015	0.042	0.12	0	0	0.206
SCI025	0	0	0	0	0	0	0	0	0	0	0	0	0.002	0.002	0	0	0.005	0.013	0.001	0.001	0	0	0	0	0	0.009	0	0.01	0.012	0.015	0.015	0	0	0	0	0.006	0.006	0	0	0	0	0	0	0.003	0	0.006	0.006	0.003	0.003	0.004	0.004	0.002	0.002	0	0	0.001	0.001	0	0	0	0	0.008	0.008	0.016	0.016	0.001	0	0.015	0	0	0	0	0.009	0.009	0.018	0.018	0	0	0.002	0.001
SCI027	0	0	0	0.008	0.951	0.951	0.013	0.028	0.935	1	0.057	0.057	0.978	0.978	0.001	0.02	0.978	0.983	0.004	0.005	0.755	0.758	0	0	0	0.009	0.926	0.043	0.102	1	1	0.803	0.802	0.836	0.84	0	0	0	0.005	0.011	0.011	0.011	0.021	0.004	0	0	0	0	0	0	0	0	0	0	0	0	0	0	0	0	0	0	0	0.081	0.081	0.058	0	0	0	0	0	0	0	0	0	0	0.019	0.019	0.033	0
SCI028	0.023	0.023	0.004	0	0	0	0	0.001	0	0	0	0	0.004	0.004	0	0	0	0	0	0	0	0	0	0	0	0.007	0.005	0	0	0	0	0	0	0	0	0	0	0	0	0	0	0	0	0	0.009	0.007	0.007	0.022	0	0.002	0.002	0.011	0.017	0	0	0.017	0.017	0.018	0.022	0.011	0.018	0.014	0.014	0.045	0.045	0.042	0.014	0	0.008	0.031	0.001	0.005	0.071	0.072	0.022	0.022	0.032	0.011	0.019	0.007
SCI029	0.016	0.016	0.028	0.007	0	0	0.008	0.008	0	0	0.005	0.005	0	0	0	0	0.084	0.084	0.01	0.011	0	0.346	0	0	0	0.006	0	0	0	0.028	0.021	0	0	0	0	0.009	0.009	0	0.006	0	0	0	0	0	0	0.012	0.012	0	0	0.011	0.011	0	0	0.005	0.005	0.008	0.008	0	0	0	0	0.039	0	0.044	0.044	0.987	0	0.024	0	0.848	0	0	0.036	0.036	0.058	0.06	0	0	0.007	0.003
CTF001	0	0.855	0.005	0	0	0	0	0	0.01	0.006	0	0	0.002	0.002	0.01	0.007	0	0	0	0.004	0.018	0.002	0.002	0.004	0	0	0	0	0	0	0	0.005	0.01	0.002	0	0	0	0.001	0	0.007	0.007	0.007	0	0	0.005	0.006	0.006	0	0.003	0	0	0.007	0.006	0	0	0	0	0.002	0.001	0	0	0	0	0	0	0.978	0.081	0.009	0.012	0.019	0.128	0.007	0	0	0	0	0.001	0.001	0	0.793
CTF002	0.004	0.007	0	0	0	0	0.039	0.036	0.008	0.008	0.005	0.013	0.003	0.006	0.011	0.011	0.002	0.003	0	0.008	0.007	0.009	0	0	0.011	0.011	0	0	0.003	0	0	0.009	0.019	0.021	0.018	0.006	0.006	0.031	0	0	0	0	0	0.004	0	0.004	0.004	0	0	0	0	0	0	0	0	0	0	0	0	0.007	0	0	0	0.002	0.002	0	0	0.034	0.004	0	0.004	0.006	0	0	0	0	0	0	0	0
CTF003	0	0.03	0	0	0	0	0	0	0	0	0	0	0.005	0	0	0	0	0	0.002	0.006	0.003	0.003	0	0	0	0	0	0	0	0.008	0	0	0	0.009	0.009	0	0	0	0	0.004	0.004	0.014	0	0.019	0.013	0.025	0.025	0	0.023	0.001	0.001	0.011	0.006	0	0	0.008	0.008	0.042	0.042	0	0	0	0	0.006	0.008	0.98	0.006	0.018	0.067	0.96	0	0.005	0.037	0.026	0	0	0.008	0.008	0.011	0.871
CTF004	0	0	0.007	0	0.013	0	0.005	0.009	0.001	0	0	0	0	0	0.016	0.017	0.003	0.002	0	0.003	0.01	1	0.001	0.001	0	0.692	0.016	0.004	0.004	0	0	0.017	0.017	0.896	0.896	0.022	0.022	0	0	0.006	0.006	0.006	0.006	0	0.006	0	0.005	0	0	0	0.002	0.012	0.028	0.002	0.006	0	0	0	0	0.002	0	0	0	0	0	0.198	0	0	0	0	0.004	0.012	0	0	0	0	0	0	0.01	0.005
CTF005	0	0	0	0	0	0	0	0	0	0	0	0	0	0	0.003	0	0	0	0.032	0.032	0	0	0	0	0	0	0.017	0.049	0.055	0.02	0.02	0	0	0.058	0.061	0.022	0.022	0.005	0	0.019	0.019	0.019	0.019	0.018	0	0.018	0.057	0.015	0.09	0.054	0.055	0.037	0.096	0.006	0.006	0	0.022	0.024	0.007	0	0	0.025	0.025	0.041	0.041	0.005	0	0	0.955	0	0	0	0.013	0.027	0	0	0	0	0	0
CTF010	0	0	0	0	0	0	0	0	1	1	1	1	1	1	0.008	0.008	1	1	0	0	0	0	0	0	0	0.133	0	0	0.009	0	0	0.001	0.001	0.978	0.971	0	0	0.989	0	0.007	0.007	0.007	0.007	0.01	0.013	0.006	0.02	0.013	0.008	0	0	0	0	0	0	0	0	0	0	0.005	0.007	0.008	0.008	0.003	0	1	0	0.019	0.014	0	0.023	0.018	0	0	0	0	0.007	0.007	0	0.016
CTF011	0	0.795	0	0	0.066	0.066	0.022	0.052	0.153	0.131	0.214	0	0.14	0.12	0.043	0.043	0.199	0.19	0.014	0.01	0.214	0.214	0.006	0.017	0	0	0.781	0	0	0.028	0.063	0.146	0.146	0.038	0.025	0.003	0.003	0.012	0.604	0	0	0	0	0.011	0.018	0	0	0	0	0	0	0	1	0	0	0	0	0	0	0	0	0	0	0	0	1	0.001	0	0.086	0.047	0	0	0	0	0	0	0	0	0	0.042
CTF023	0.001	0.016	0.013	0.013	0.999	1	0	0.019	1	1	0.01	0.025	0.995	1	0.02	0.009	1	0.999	0.017	0.002	0.993	0.993	0.009	0.013	0.039	0.012	1	0	0.003	0	0	0.017	0.017	0.968	0.955	0	0	0.999	0	0	0	0	0	0	0	0	0	0.001	0	0	0	0	0	0	0	0	0	0	0	0	0	0	0	0	0	0	0	0	0.002	0	0.004	0.003	0	0	0	0	0.002	0.002	0	0.029
CTF024	0	0	0	0	0	0	0	0	0	0	0	0	0	0	0	0	0	0	0.005	0.001	0	0	0	0	0	0	0	0.001	0	0.011	0.003	0.005	0.005	0	0	0	0	0	0.002	0.014	0.014	0.014	0.013	0.011	0.012	0.025	0.027	0.019	0.019	0.011	0.019	0.009	0.017	0	0.006	0.003	0.003	0.021	0.02	0	0	0.013	0.013	0.011	0.011	0.981	0.998	0.005	0.003	0.029	0	0	0	0	0.021	0.011	0.001	0.001	0.009	0
CTF025	0	0.845	0.013	0.007	0.952	0.948	0	0	1	1	0.276	0	0.993	0.992	0.017	0.016	0.964	0.97	0.029	0.02	0.015	0.015	0.007	0.007	0.036	0.018	1	0.006	0.025	0.008	0	0.018	0.018	0.971	0.988	0.023	0.017	1	0.01	0.031	0.031	0.031	0	0	0	0	0	0.033	0.033	0	0	0	0.251	0	0	0	0	0	0	0	0	0	0	0	0	0	0	0	0	0	0	0	0	0	0	0	0	0	0	0
CTF026	0.052	0.97	0.022	0	0.992	0.961	0.986	0.95	0.987	0.997	0.702	0	1	1	0	0.034	1	1	0.063	0.049	0.016	0.019	0.02	0.004	0	0	1	0.009	0	0.016	0.015	0.002	0.002	1	1	0.027	0.089	0	0	0.003	0.003	0.003	0	0	0.009	0	0	0	0	0	0	0	0.071	0	0	0.056	0	0	0	0	0	0	0.011	0	0	0.724	0.008	0	0	0.117	0	0	0	0	0	0	0	0	0.001	0.978
CTF028	0	0.969	0.006	0	0	0	0	0	0	0	0	0	0	0	0	0	0	0	0.035	0.024	0	0	0	0	0.003	0	0	0	0	0.043	0.045	0	0	0.012	0.006	0	0	0	0.005	0.006	0.006	0.006	0	0	0.006	0.01	0.012	0.011	0.015	0.006	0.006	0.006	0.005	0.006	0.004	0.003	0.003	0.019	0	0	0	0.006	0.006	0.01	0.002	0	0.009	0.007	0.009	0.982	0	0	0.009	0.01	0	0	0	0	0.008	0
CTF029	0	0	0	0	0	0	0.065	0.063	0	0	0	0	0.06	0.06	0.006	0	0	0	0.005	0.014	0	0	0	0	0	0	0	0	0.001	0	0	0.015	0.011	0.006	0.006	0	0	0	0	0.014	0.014	0.014	0.01	0.012	0.012	0.017	0.019	0	0	0.006	0.006	0.013	0.01	0	0	0	0.002	0.002	0.001	0	0	0.004	0.004	0.014	0.014	0.145	0.009	0.016	0.006	0	0.008	0.01	0	0	0	0	0.007	0.007	0.001	0.004
CTF030	0	1	0.009	0	0.783	0.73	0	0	0.046	0.046	0.006	0	0.012	0.012	0.026	0.026	0.013	0.012	0.021	0.013	0.014	0	0	0.005	0	0.008	0.19	0.003	0.034	0	0.01	0.01	0.027	0.007	0	0.02	0	0.014	0	0	0.993	1	0	0	0.992	0	0	0.013	0.008	0	0	0	0.99	0	0	0	0	0	0	0	0	0	0.013	0.174	0	0.971	0	0	0	0	0.006	0	0	0	0	0.002	0	0.068	0	1
CTF031	0	0.02	0.009	0.009	0.006	0.006	0.021	0.021	0.025	0.017	0.017	0.019	0.017	0.023	0	0	0.011	0.011	0.014	0.001	0.01	0.003	0.017	0	0	0.011	0.005	0.003	0	0	0.053	0.018	0.018	0	0.012	0	0	0.012	0	0.037	0.175	0.175	0.175	0	0	0	0	0	0	0	0	0	0	0	0	0.974	0.974	0	0	0	0	0	0	0	0.756	0.965	0	0	0.479	0.076	0.787	0	0	0	0.004	0	0.016	0.016	0	0.022
CTF032	0.005	0.984	0	0	0	0	0	0	0.003	0	0.005	0	0	0.007	0	0.007	0	0	0.001	0.003	0	0.002	0.006	0.007	0	0.014	0	0.014	0.007	0.014	0.013	0.006	0	0.064	0.026	0	0.003	0.006	0	0.005	0.005	0.005	0	0.001	1	0.01	0.01	0.005	0.015	0	0.001	0	0.001	0.004	0	0.009	0	0.989	0.009	0	0	0.006	0	0	0	0.985	0	0.045	0	0	0	0	0	0	0	0	0.016	0	0	0.99
CTF033	0	0	0.934	0.835	0.624	0.242	0.134	0.093	1	1	1	0.772	0.998	0.995	0.011	0.019	0.98	0.98	0	0	0.994	0.994	0.383	0.382	0	0	1	0	0	0	0	1	1	1	1	0	0	0.979	0.243	0.014	0.009	0.015	0.01	0	0	0	0.508	0	0	0	0	0	0	0	0	0	0	0	0	0.008	0.011	0	0	0	0	0.111	0.015	0	0	0.007	0.011	0.011	0	0	0	0	0.007	0.004	0	0
CTF035	1	1	1	1	0.066	0.027	0	0	1	1	0.987	0.959	0.03	0.043	0.016	0.017	1	1	0	0	1	1	0.006	0.006	0.003	0	1	0	0.164	0.009	0.95	0.028	0.029	0.942	0.949	0	0	0.394	0	0	0	0.014	0	0	0	0	0	0.055	0	0	0	0	0	0	0	0	0	0	0	0.026	0.023	0	0	0	0	0	0.008	0	0.009	0.008	0	0	0	0	0	0	0.022	0.022	0	0.04
CTF036	0.009	0.019	1	0.015	0.088	0.977	0.015	0.015	1	1	1	0.974	1	1	0.021	0.025	1	1	0.019	0.015	0.014	0.019	0.014	0.014	0	0.019	0.127	0.009	0.017	0.009	0.003	0.021	0.017	0.982	0.277	0.011	0.695	0.023	0.006	0	0	0	0	0	0	0	0.899	0	0	0	0	0	0	0	0	0	0	0	0	0	0	0	0	0	0	0.972	0	0	0	0	0	0	0	0	0	0	0	0	0	0
CTF038	1	1	1	1	0.981	0.98	0.993	0.993	1	1	1	0.994	0.991	0.991	0	0.002	0.999	1	0.018	0.009	0.017	1	0	0.014	0.041	0.014	1	0.017	0.039	0.984	1	1	1	1	1	0.063	0.08	1	0.008	0	0	0	0	0	0	0	0	0	0	0	0	0	0	0	0	0	0	0	0	0	0	0	0	0.042	0	0	0	0	0	0	0	0	0	0	0	0	0	0	0	0
CTF039	0.068	0.883	0.006	0	0	0	0	0.004	0.002	0.002	0.019	0.014	0	0	0.007	0.007	0.007	0.008	0	0	0.014	0.014	0.026	0.026	0.015	0.002	0.017	0.022	0.022	0.054	0	0.003	0.003	0.021	0	0.027	0.027	0.013	0	0	0.003	0.003	0	0	0.006	0.01	0.01	0	0	0	0	0	0	0.009	0.016	0	0	0	0	0	0.012	0	0	0	0	0	0	0	0	0	0	0	0	0	0	0.018	0	0	0	0
CTF040	0.004	0.004	0	0	0	0	0	0	0.007	0.007	0.001	0	0	0.003	0.014	0.007	0.041	0.041	0.01	0.007	0.004	0.004	0.001	0.001	0	0	0.006	0.015	0	0.008	0.008	0.006	0.007	0.005	0.02	0.02	0.02	0	0.007	0	0	0	0	0.002	0.002	0.016	0.016	0	0.016	0	0	0	0.003	0.001	0	0	0	0	0	0	0	0	0	0	0	0.985	0.005	0	0	0.018	0	0	0	0	0	0	0	0	0.99	0
CTF041	0	0	0	0	0	0.974	0	0	0.005	0.005	0	0	0	0	0	0	0.006	0.006	0	0	0	0.985	0	0	0	0	0.001	0	0	0	0	0	0	0.002	0	0	0	0	0	0.005	0.005	0.005	0.012	0.013	0.013	0.023	0	0.016	0.016	0	0	0.008	0.019	0.013	0.013	0.01	0.013	0	0	0.013	0.012	0.011	0	0.01	0.01	0.125	0.002	0	0.008	0.002	0.011	0.006	0.015	0.023	0	0	0.013	0.013	0.012	0.001
CTF042	0.026	0.026	0	0	0	0	0.012	0.001	0	0	0.002	0.011	0.007	0.002	0	0	0	0	0	0	0.007	0.007	0.03	0.018	0	0	0	0	0.016	0.007	0	0	0.022	0	0.012	0.001	0.016	0	0	0	0	0	0	0.002	0.016	0.007	0.024	0	0	0.008	0.008	0	0	0	0	0.002	0.002	0.015	0.015	0.005	0.011	0	0	0	0	0.973	0.447	0.005	0.011	0	0	0.009	0	0	0.003	0	0	0	0.006	0.015
CTF043	0	0.008	0	0.003	0	0	0	0.009	0.004	0.004	0.029	0.034	0	0	0.012	0.011	0	0	0.003	0	0.006	0	0	0	0	0	0	0	0	0	0	0.016	0.016	0.5	0.512	0	0	0.005	0	0.006	0.006	0.006	0.052	0.002	0	0.017	0.018	0.003	0	0	0	0	0	0.004	0.004	0	0	0.001	0.001	0	0.001	0	0.006	0.017	0.023	0.971	0.023	0.013	0.034	0	0.028	0.024	0	0	0	0	0.012	0.012	0	0.038
CTF044	0	0	0	0	0	0	0.041	0.018	0.33	0.339	0.04	0	0.35	0.349	0	0	0	0.533	0	0	0.08	0.08	0	0	0	0	0.015	0	0	0.034	0.031	0.006	0.078	0.053	0.053	0	0	0.067	0	0.036	0.036	0.036	0.021	0.182	0.182	0.02	0.02	0	0	0	0	0	0.351	0	0	0.029	0.035	0.458	0	0.02	0.013	0	0	0.006	0.013	0.974	0.033	0	0.129	0.129	0	0	0	0	0	0	0.958	0.958	0	0.968
CTF045	0.002	0.007	0.003	0.005	0	0	0.096	0.096	0.014	0.009	0.002	0.003	0.001	0.001	0.001	0.001	0.993	0.99	0.005	0.001	0.007	0.066	0	0	0	0.041	0.005	0	0.002	0	0.006	0.013	0.013	0	0.009	0.002	0.002	0.002	0	0	0	0	0	0	0	0.005	0.005	0	0	0	0	0	0	0	0	0	0	0	0	0	0	0	0	0.001	0.002	0.981	0	0	0.003	0	0.003	0	0	0	0.01	0	0	0	0	0.045
CTF048	0	0	0	0	0.975	0.975	0	0	1	1	0	0	0.987	0.987	0	0	1	1	0.021	0	0.985	0.985	0	0	0.013	0	1	0.008	0.004	0.005	0	0.006	0.006	1	1	0.004	0.004	0	0	0.022	0.022	0.022	0.018	0.025	0.04	0	0	0.015	0.012	0	0	0.02	1	0	0	0.956	0.011	0	0	0	0.007	0	0	0.02	0.02	0	0.012	0	0	0	0	0.008	0	0	0	0	0	0	0.004	0.007
CTF051	0.001	0	0	0	0.014	0.015	0.009	0	0.037	0.038	0.002	0	0.009	0.009	0.016	0.014	0	0	0.017	0.011	0	0	0.018	0.018	0	0.003	0.012	0	0	0	0	0.004	0.004	0	0	0	0	0.029	0	0	0	0	0	0.011	0.011	0	0	0	0.029	0	0	0	0.008	0	0	0	0	0.003	0.004	0	0	0.009	0.009	0	0	0.946	0	0	0.091	0.035	0.024	0.024	0	0	0.046	0.022	0.007	0.007	0	0.037
CTF052	0.053	0	0	0	0	0	0	0	0	0	0.001	0	0	0	0	0	0.005	0.009	0.026	0	0	0	0	0	0	0	1	0.1	0.084	0.087	0.07	0.001	0	0.063	0.108	0	0	0.062	0.068	0.02	0.02	0.02	0.026	0.056	0.056	0.083	0.083	0.027	0.054	0.046	0.046	0	0.062	0.024	0.02	0.023	0.023	0	0	0	0.017	0.016	0.016	0.008	0.013	1	0.016	0	0	0	0	0	0	0.005	0	0	0.936	0.91	0	0
CTF056	0.019	1	0.011	0	0	0	0.333	0.323	0.023	0.023	0.014	0.016	0.011	0.012	0.032	0.029	0.487	0.487	0.031	0.011	0.348	0.348	0.025	0	0	0.031	0.008	0.014	0.014	0.005	0.005	0.022	0.023	0	0.002	0.018	0.018	0.732	0	0	0	0	0	0	0.315	0.005	0.005	0	0	0	0	0	0	0	0	0	0	0	0	0	0	0	0	0	0.582	1	0	0	0	0	0	0	0	0	0.001	0	0	0	0	0.631
CTF059	0.004	1	0	0.001	0.007	0.007	0	0.012	0.392	0.01	0.015	0.011	0.007	0.007	0	0	0	0.003	0.002	0.002	0	0	0.013	0	0	0	0.04	0	0.418	0	0.024	0.022	0	0.007	0	0	0.407	0	0.153	0	0	0	0	1	0.01	0	0	0.01	0	0	0	0	0	0	0	0.003	0.003	0	0	0	0	0.004	0.034	0	0.415	0.465	0	0	0.004	0	0.022	0	0	0.006	0	0.003	0.426	0	0.03	0.004
CTF061	0	0	0	0	0	0	0	0	0	0	0	0	0	0	0	0	0	0	0	0	0	0	0	0	0	0	0	0.001	0	0	0	0	0	0.011	0.008	0	0	0	0	0.017	0.017	0	0.015	0.014	0.014	0.014	0.014	0.016	0.012	0.018	0.016	0.008	0.019	0.016	0.018	0.008	0.011	0.021	0.006	0	0.012	0.02	0.02	0.017	0.017	0.013	0.012	0.011	0	0.029	0.004	0.004	0.002	0.01	0	0	0.014	0.014	0.011	0.014
CTF062	0	0.023	0.006	0.006	0	0	0.006	0.01	0.016	0.016	0.009	0.005	0.023	0.013	0.02	0.02	0.115	0.115	0.013	0.021	0.012	0.006	0	0	0	0	0.012	0.006	0	0	0	0.002	0.013	0	0	0.009	0.009	0.541	0	0	0.425	0.425	0	0	0	0.003	0.003	0	0	0	0	0	0	0	0	0	0	0	0	0	0	0	0	0.003	0.069	0.982	0.055	0	0.996	0.881	0	0	0	0	0.001	0.005	0	0	0	0.032
SCI030	0.006	0.01	0.035	0.035	1	1	0.045	0.045	0	0.019	1	1	1	1	0.049	0.049	1	1	0.034	0.037	0.953	0.946	0.042	0.046	0.051	0.039	0.985	0.017	0.103	0	0	0.086	0.086	0.912	0.912	0.014	0.014	0.001	0	0	0	0	0	0	0	0	0	0	0	0.038	0	0	0	0	0	0	0	0	0	0	0	0	0	0	0	0	0	0	0	0	0.011	0.034	0	0	0	0	0	0	0	0.012
SCI031	0	0.456	0.032	0.032	0.968	0.981	0.06	0.058	1	1	0.05	0.113	0.997	0.994	0.058	0.058	1	1	0.03	0.03	0.87	0.854	0.063	0.063	0.057	0.036	0.914	0.101	0.246	0.958	0.958	0.129	0.129	0.893	0.893	0	0	0.714	0	0.011	0.011	0.011	0	0	0	0	0	0.017	0	0	0	0	0	0	0	0	0	0	0	0	0	0	0	0	0	0	0	0	0	0	0	0	0	0	0	0	0.013	0.013	0	0.062
SCI032	0	0	0.047	0.047	0	0	0.035	0.035	1	1	0.029	0	0.033	0.033	0.087	0.055	0.951	1	0.121	0.046	0	0	0.119	0.119	0	0	0	0.076	0.076	0.084	0	0.228	0	0	0	0.03	0.03	0.056	0	0.041	0.501	0.018	0	0	0	0.073	0.073	0	0	0	0	0	0.919	0	0	0	0	0	0	0	0	0.133	0.129	0	0	0.429	0.958	0.577	0	0	0	0.005	0	0.566	0.07	0.046	0	0	0	0.015
SCI033	0.086	0.115	0.069	0.069	0.014	0.014	0.066	0	0.059	0.037	0	0	0.068	0.068	0.092	0.092	0	0.087	0.11	0.109	0.087	0.087	0.039	0.039	0	0	0.01	0.164	0.164	0.077	0.072	0.113	0.113	0	0	0.093	0.147	0.026	0	0	0	0	0	0	0	0	0	0	0.003	0	0	0.044	0.045	0	0	0	0	0.355	0	0	0	0	0	0	0	1	0.151	0	0	0	0	0	0	0	0.072	0.105	0	0	0	1
SCI034	0.032	0.04	0.04	0.04	0.023	0.023	0.008	0.008	0.022	0.033	0.024	0.024	0.013	0	0.029	0.029	0.011	0.028	0.023	0.023	0.018	0.018	0	0	0	0.025	0.033	0	0	0	0.038	0.018	0.018	0	0	0.033	0.026	0.021	0	0	0	0	0	0	0	0	0	0	0	0	0	0	0	0	0.026	0	0	0	0	0	0	0	0	0.001	0.001	0.874	0	0	0.003	0.003	0.002	0	0	0	0.09	0.093	0	0	0	0
SCI035	0.03	0.03	0.094	0.041	0	0	0	0.012	0	0.031	0.785	0.785	0	0	0.018	0.018	0	0.042	1	1	1	1	0	0	0	0	0.016	0.006	0.054	0.019	0.014	0.843	0.843	0.618	0.658	0.001	0.04	0.073	0.021	0	0	0	0	0	0	0.03	0.03	1	0	0.073	0	0	0	0.022	0.022	0	0	0.012	0	0	0	0	0	0.156	0.156	0.99	0.927	0	0	0	0	0	0	0	0	0	0	0	0	0
SCI036	0	0	0.215	0.089	0.527	0.246	0	0	0.6	0.6	0	0	0	0	0	0	1	1	0	0	0.471	0.471	0	0	0	0	0.477	0	0	0	0	0	0	0.422	0.42	0	0	0	0	0.416	0.416	0.416	0.416	0	0	0	0	0.023	0.023	0	0	0.215	0.223	0.126	0.109	0.069	0.069	0	0	0.121	0.121	0	0	0.171	0.171	0.016	0.105	0	0.27	0.055	0.205	0.181	0.081	0.081	0	0	0.135	0.135	0.157	0.19
SCI037	0	1	0.001	0.01	1	0.985	0	0.006	0	0	0.012	0.012	0	0	0.019	0.019	0.997	0.995	0.002	0.03	0	0.496	0	0	0.003	0	0	0.004	0.016	0.968	0.972	0.923	0.923	0.761	0.761	0	0	0	0	0.023	0.023	0.023	0	0	0	0	0	0.002	0	0.011	0.011	0	0	0.017	0.03	0	0	0	0	0	0	0.025	0	0.117	0.117	0	0.001	0.046	0	0	0	0	0	0	0	0	0.003	0.014	0.013	1
SCI038	0.001	0	0	0	0	0	0	0.806	0	0	0	0	0	0	0	0	0	0	0.006	0.006	0	1	0	0.01	0	0.002	0	0.033	0	0.017	0.017	0	0	0.011	0.005	0.003	0.032	0	0.038	0	0	0	0.012	0.009	0.009	0.028	0.028	0.014	0	0.028	0.03	0.018	0.85	0.028	0.035	0.011	0.011	0.039	0.001	0	0	0.034	0	0	0	0.084	0	0.005	0	0.161	0	0	0.008	0.008	0	0	0	0	0.019	0
IID_H196061_T01	0.007	0.007	0	0	0	0	0.659	0.686	0.001	0	0.012	0.001	0	0	0	0	0.65	0.688	0	0	0	0.692	0.066	0.054	0	0.717	0.01	0	0	0.68	0.68	0.046	0.041	0	0	0	0.001	0	0	0	0	0	0	0.002	0.002	0.022	0.022	0	0	0	0	0	0	0.011	0.012	0.012	0.012	0	0	0.01	0.01	0.025	0	0	0	0.025	0	0	0.045	0.045	0	0	0	0	0.032	0.032	0.02	0	0.004	0.012
IID_H196062_T01	0.023	0.023	0.018	0.019	0	0	0.034	0.034	0.019	0.019	0.033	0.033	0	0	0.01	0.01	0.002	0	0	0	0	0	0.029	0.022	0	0.028	0	0	0	0	0.009	0.022	0.02	0	0	0	0	0	0	0	0	0	0	0	0	0.024	0.024	0	0	0	0	0	0	0.006	0.012	0	0	0	0.005	0.016	0.002	0.012	0.012	0	0	1	0	0.016	0.037	0.037	0.012	0	0	0	0.11	0.103	0.029	0.003	0.007	0.02
IID_H196063_T01	0.021	0.021	0	0	0.518	0.518	0	0	0.54	0.544	0.043	0.043	0.532	0.532	0	0	0.485	0.489	0	0	0.453	0.453	0.065	0.008	0	0.042	0.464	0	0	0.009	0.009	0	0	0.422	0.411	0	0	0	0	0	0	0	0	0	0	0	0	0.042	0.024	0	0	0	0	0	0	0.032	0.032	0	0	0.035	0.017	0	0	0	0	0.038	0	0	0.107	0	0	0	0.002	0.01	0	0	0.081	0.008	0.071	0.004
IID_H196064_T01	0	0.136	0	0.011	0	0	0.015	0.014	0	0	0	0	0	0	0.013	0.015	0	0.487	0	0	0	0	0	0	0.02	0.02	0.32	0.008	0	0.661	0	0	0	0.778	0	0	0	0	0.022	1	1	0	0	0.356	0	0.057	0.057	0	0	0.02	0.024	0.006	0.954	1	0.036	0	0	0.032	0	0.996	0.992	0.085	0.085	0.082	0.082	0	0	0	0	0.375	0	0.426	0.06	0.06	0	0.169	0.004	0.004	0.042	0
SCI039	0.007	1	0.058	0.056	0.022	0.027	0	0.024	0.04	0.04	1	1	0.021	0.021	0.035	0.035	1	1	0.023	0.023	0.012	0.012	0	0	0.032	0	0.035	0	0	0	0	0.003	0.003	0.942	0.942	0.027	0.002	1	0	0	0	0	0	0	0	0	0	0.011	0	0	0	0	0	0	0	0	0	0	0	0	0	0	0	0.015	0.015	0	0	0	0.047	0.004	0.046	0.037	0	0	0	0	0	0	0	0.034
SCI040	0	1	0.005	0.001	0.002	0	0	0	0	0	0.002	0.002	0	0	0.01	0.01	0.098	0.009	0	0.013	0	0	0.397	0	0	0.002	0	0	0.002	0	0	0.09	0.09	0.063	0.063	0	0	0	0.016	0.014	0.014	0.014	0	0	0	0	0.01	0.016	0.007	0.008	0.008	0	0	0.009	0.008	0	0	0	0	0.001	0	0.022	0.022	0	0.864	1	0.002	0.013	0	0	0.007	0.006	0	0	0	0	0.005	0.005	0.007	0.012
SCI042	0	0.13	0	0	0	0	0.018	0.033	0	0	0.006	0	0	0	0.025	0.025	0	0.125	0.02	0.018	0	0.304	0	0	0	0.03	0	0.028	0	0	0	0	0	0	0	0.006	0.006	0.003	0.038	0.004	0.004	0	0	0.844	0	0.055	0.062	0	0	0.045	0.007	0	0.788	0.02	0.02	0	0	0.014	0	0	0	0.085	0.085	0.051	0.051	1	0	0.072	0	0.86	0.383	0.007	0.014	0.014	0.108	0.128	0	0	0	0.051
SCI043	0	1	0	0.005	0	0.978	0	0	0	0	0.01	0.01	0	1	0.119	0	0	0	0.049	0.012	0	0	0.012	0.004	0	0.004	0.009	0	0	0	0.965	0.065	0.043	0	0	0.042	0	0.029	0	0.006	0.006	0.006	0	0.001	0	1	0	0.012	0.007	0.01	0.01	0	0	1	0	0	0.004	0.025	0.007	0	0	0.038	0.035	0	0	1	0.004	0	0.001	0	0.004	0	0	0	0.086	0.024	0	0.012	0	0.064
SCI044	0.015	0.012	0.047	0.045	0.963	0.966	0.055	0.055	1	1	0.282	0.105	0.973	0.986	0	0.082	1	1	0.065	0.065	0.876	0.869	0	0	0.058	0.06	1	0.025	0.142	0	0	0.972	0.972	1	1	0.015	0	0.016	0.002	0	0	0	0	0	0	0	0	0	0	0	0	0	0	0	0	0.141	0	0	0	0	0	0	0	0.08	0.08	0	0	0	0	0	0.008	0.037	0	0	0	0	0	0.121	0	0.012
SCI045	0	0	0	0.001	0	0	0	0.011	0	0	0.002	0.002	0	0	0	0	0	0.101	0	0	0	0	0	0	0	0	0	0	0	0	0	0	0	0	0	0	0	0	0.01	0.004	0.004	0.004	0.004	0.001	0	0.019	0.019	0.02	0	0.017	0.018	0	0	0.002	0.002	0.002	0.002	0.038	0	0.02	0.02	0.056	0.056	0.033	0.038	1	1	0.02	0.008	0.014	0.004	0.004	0.87	0.061	0.055	0.05	0.703	0.012	0.012	0
SCI046	0.022	0.022	0.021	0.021	0	0	0.017	0.011	0	0	0.03	0.03	0.006	0.009	0.021	0.025	0.951	0.985	0.017	0.028	0	0	0	0	0	0	0	0	0	0.057	0.056	0	0	0.02	0	0.007	0.114	0.021	0	0	0	0	0	0	0	0.037	0.036	0	0	0.02	0.01	0	0	0	0	0	0	0	0	0	0	0.056	0.056	0.028	0.028	0.998	0.976	0.006	0.964	0.964	0	0	0.018	0.018	0	0.021	0	0	0	0.645
SCI047	0	0	0	0.022	0.941	0.947	0.038	0.038	0.949	1	0.025	0.091	0	0	0.034	0.038	0.986	0.961	0.013	0.011	0.869	0.86	0	0	0.022	0.029	0.914	0	0.078	0	0	0.011	0.004	1	1	0	0	0	0	0.024	1	0.017	0.017	0.025	0	0	0	0	0	0	0	0	0	0.034	0.034	0	0	0	0	0	0	0	0	0.609	0.024	0	0	0	0.016	0	0.022	0.109	0	0	0	0	0.006	0.058	0.011	0.035
SCI048	0.003	0.014	0.034	0.038	0.979	0	0.036	0.091	1	1	0.19	0.101	1	1	0.061	0.061	1	1	0.053	0.042	0.888	0.902	0.035	0.035	0.069	0.056	0.923	0.081	0.081	0	0	0.072	0.072	0.919	0.919	0.01	0.033	1	0	0	0	0	0	0	0	0	0.021	0	0	0	0	0	0	0	0	0	0	0	0	0	0	0	0	0	0	0	0	0	0.243	0	0.039	0.039	0	0	0	0	0	0	0	0.026
SCI049	0.086	0.086	0.103	0.103	0.781	0.742	0.024	0	0.008	0.008	0.107	0.115	0	0	0.058	0.124	0.745	0.741	0.082	0.104	1	0.992	0.043	0.043	0	0	0	0.211	0.211	0.117	0.117	0.108	0.108	0.765	0.765	0.112	0.112	0.131	0.096	0	0	0	0	0	0	0	0	0	0.012	0	0	0	0	0.029	0.024	0	0	0	0	0	0	0	0	0	0	0.125	0.021	0.011	0	0	0	0	0	0	0	0	0	0	0	0
SCI050	0	0.037	0.073	0.087	0.893	0.893	0.065	0	0.573	0.483	0.279	0	0.005	0.005	0	0.099	0.94	0.827	0.087	0.091	0.807	0.807	0	0.068	0.092	0.071	1	0.103	0.209	0.026	0.186	0.073	0.073	0.889	0.861	0.085	0.085	0.062	0.093	0	0.73	0.268	1	0	0.764	0	0	0.01	0.179	0	0	0	0.611	0	0	0.558	0	0	0	0	0	0	0	0.267	0	0	0	0	0	0	0	0	0	0	0	0	0	0	0	0
SCI051	0.07	0.067	0.115	0.117	0.652	0.952	0.137	0.146	0.838	0.104	0.886	0	0.877	0.894	0.136	0.151	0.038	0.015	0.107	0.103	0.708	0.71	0.037	0.037	0.135	0.124	0.809	0.131	0	0.07	0.188	0.07	0.07	1	1	0.072	0.066	0.676	0.066	0	0	0	0	0	0	0	0	0	0	0	0	0	0.706	0	0	0	0	0	0	0	0	0	0	0	0	0	0	0	0	0.82	0	0	0	0	0	0	0	0	0	0
SCI052	0.002	1	1	1	0.792	0.794	1	1	1	1	0.06	0.06	1	1	0	0.039	0.853	1	1	1	0.708	0.732	0.138	0.139	0.049	0	1	1	0.117	0.061	0.022	0.19	0.19	1	0.943	0	1	1	0.989	0	0	0	0	0	0	0	0	0	0	0	0	0	0	0	0	0.163	0	0	0	0	0	0	0	0	0	0	0.957	0	0	0	0	0	0	0	0	0	0.236	0	0	0
SCI053	0.01	0.013	0	0	0	0	0	0	0.016	0.051	0	0	0	0	0.011	0	0.061	0.114	0.022	0.022	0	0	0	0.002	0	0	0.058	0.034	0.048	0.002	0.002	0.018	0.018	0	0	0.023	0.029	0	0.04	0	0	0	0	0.002	0.002	0.005	0.022	0.05	0.05	0	0	0.01	0.01	0.008	0.022	0	0.005	0	0	0	0	0.02	0.02	0.007	0	0.609	0.269	0	0	0	0	0	0	0	0.077	0.077	0	0	0.014	0
SCI054	0.023	0.012	0.01	0.019	0.05	0.047	0	0.025	0	0	0.025	0.035	0	0	0.018	0.018	0.153	0.203	0.011	0.011	0.208	0.966	0	0	0	0.041	0.25	0.03	0	0	0.022	0.096	0.096	0	0	0	0	0.031	0	0	0	0	0	0	0	0	0	0.023	0	0.01	0.01	0	0	0.005	0.003	0	0	0	0	0	0	0	0	0.023	0.023	0.969	0	0	0	0.046	0.952	0	0	0	0.016	0.036	0.015	0.018	0	0.059
PD47561a	0	0	0	0	0.991	1	0.018	0.064	0.992	1	0.045	0.118	0	0	0.036	0.036	1	1	0.018	0.041	1	1	0.016	0.011	0.045	0.062	0.948	0.003	0.076	0	0	0.086	0.159	0.951	0.958	0	0	0	0	0.011	0.031	0.031	0.025	0.006	0	0	0	0	0	0	0	0	0	0.062	0.044	0	0	0	0	0	0	0	0	0	0	0	0	0	0	0	0.044	0.055	0	0	0	0	0.018	0.018	0.022	0.008
PD47563a	0.018	0.222	0.007	0.015	0.009	0.009	0.022	0.022	0.013	0.013	0.007	0	0.015	0.015	0.022	0.022	0.006	0.012	0.004	0.004	0.011	0.01	0.009	0.009	0.006	0.005	0	0.016	0	0.024	0.024	0.042	0.042	0.008	0.008	0	0.003	0.008	0.006	0	0	0	0	0	0	0	0	0	0	0	0	0	0.163	0	0	0	0	0	0	0	0	0	0	0	0	0	0	0.003	0	0.006	0	0	0	0	0	0	0.014	0	0	0
PD47567a	0	0	0.013	0.029	0.774	0.696	0.522	0.539	0.925	0.925	0	0	0	0	0.051	0.051	0.971	0.918	0.004	0.007	0.777	0.795	0	0	0	0.016	0.852	0.059	0	0.002	0	0.034	0.034	0.787	0.825	0.001	0.001	0	0	0.032	0.032	0.032	0.046	0	0	0	0	0	0	0	0	0.036	0.949	0.073	0.046	0	0	0	0	0	0	0	0	0.044	0.044	0.051	0	0	0	0.95	0	0.019	0	0	0	0	0	0	0.021	0.02
PD47570a	0.005	0.005	0.023	0.045	0	0	0.07	0.07	0.956	1	0.003	0.003	0.929	0.927	0.053	0.053	1	0.946	0.032	0.032	0.844	0.84	0	0	0	0.039	1	0.68	0.07	0	0	0.007	0.007	1	1	0.011	0	0	0	0	0	0	0	0	0	0.021	0.018	0	0	0	0	0	0	0	0	0	0	0	0	0	0	0	0	0.025	0.032	0.065	0	0	0	0	0.056	0.056	0	0	0	0	0	0.023	0.012	0.068
PD47572a	0.12	1	1	1	0.697	0.858	0.039	0.059	0.949	1	0.958	0	1	0.969	0	0.008	1	1	1	1	0.771	0.784	0.131	0.12	0.074	0.068	1	0.015	0.129	0.058	0.026	0.149	0.149	1	0.963	0.986	1	1	0.101	0	0	0	0	0	0	0	0	0	0	0	0	0	0.55	0	0	0.993	0	0	0	0	0	0	0	0	0	0	0	0	0	0	0	0	0	0	0	0	0	0	0	0
PD47573a	0.008	0.001	0.011	0.025	0.023	0.023	0.014	0.023	0.017	0.017	0.023	0.023	0.012	0.012	0.028	0.028	0.003	0.002	0.026	0.026	0	0	0.01	0.01	0.029	0.029	0.004	0.015	0.015	0.012	0.025	0	0	0	0	0.011	0.023	0.012	0.016	0	0.016	0	0	0	0	0	0	0	0	0	0	0	0	0	0	0	0	0	0	0	0	0.002	0.002	0	0	0	0	0	0	0	0	0	0	0	0.007	0.001	0	0	0	0
PD47574a	0.008	0.001	0	0.006	0.008	0	0.01	0.012	0	0.002	0	0	0.003	0.003	0.007	0.019	0.021	0	0.01	0.009	0	0	0	0	0	0.005	0	0.02	0.02	0.026	0.025	0	0	0.018	0	0.017	0.014	0	0	0	0.001	0.001	0	0.003	0	0	0	0	0	0.017	0	0.018	0.018	0	0	0	0	0	0.078	0	0	0.013	0.013	0.014	0.014	0.975	0	0.039	0	0	0	0	0.022	0.022	0	0.025	0	0	0	0.957
PD47575a	0.02	0.009	0.001	0.006	0	0	0	0	0.01	0.01	0.014	0.012	0	0	0.004	0.004	0	0.006	0	0	0.009	0.008	0.007	0	0	0.006	0.011	0.022	0.028	0.021	0.018	0	0	0	0	0	0.006	0	0.021	0	0	0	0	0	0.001	0.001	0.018	0.005	0	0	0	0	0	0.021	0.019	0	0	0.017	0	0.004	0	0	0	0	0.002	0.063	0	0	0	0	0	0	0.016	0.017	0.002	0.004	0.007	0	0	0
PD47576a	0.007	0.996	0.001	0.009	0	0	0.012	0.022	0	0	0.022	0.022	0	0	0.015	0.014	0	0.016	0.004	0.009	0	0	0	0	0	0	0	0.041	0	0.03	0	0	0	0	0	0.003	0.023	0	0.022	0	0	0	0	0	0	0.041	0.045	0	0	0.041	0.02	0	0	0.004	0.004	0	0	0.016	0	0	0	0.065	0.065	0.042	0.04	0.991	0.992	0.073	0	0.98	0	0.4	0.017	0.017	0.067	0.067	0	0	0.004	0
PD47577a	0.013	0.01	0.032	0.038	0.968	0.97	0.044	0.044	1	1	0.073	0.073	0.965	0.965	0.047	0.047	0.996	0.992	0.03	0.03	0.89	0.89	0	0	0.036	0.041	0.913	0.024	0.111	0	0	1	1	0.787	0.788	0	0.003	0	0.007	0	0	0	0	0	0	0	0	0	0	0	0	0	0	0	0	0	0	0	0	0	0	0	0	0.048	0.048	0	0	0	0	0	0.014	0.014	0	0	0	0	0.002	0	0.003	0
PD47578a	0.012	0.015	0.01	0.017	0.004	0.002	0.008	0.007	0.008	0.006	0.014	0.014	0.002	0.003	0.009	0.009	0.009	0.009	0.017	0.017	0.153	0.153	0.005	0.006	0.019	0.002	0	0.01	0	0.012	0.012	0.01	0.01	0.002	0	0.013	0.011	0.01	0	0	0	0	0	0	0	0	0	0	0	0	0	0	0	0	0	0	0	0	0	0	0	0	0	0	0	0	0	0	0	0.051	0	0	0	0	0	0.001	0	0	0	0
PD47579a	0	0.013	0.035	0.049	0	0	0.067	0.067	0.991	0.991	0.134	0.134	0	0	0.058	0.058	0.015	0.078	0.042	0.035	0.878	0.872	0	0	0.066	0.044	0.883	0.01	0.121	0	0	0	0	1	1	0.004	0.004	0	0	0.064	0	0.002	0	0	0	0.019	0.005	0	0	0	0	0	0	0.006	0.006	0	0	0	0	0	0	0	0	0.044	0.044	0	0	0	0	0	0.033	0.032	0.016	0.016	0	0	0	0	0	0.046
PD47580a	0.013	0.001	0	0	0	0	0	0	0	0	0.002	0.002	0	0	0	0	0.002	0.002	0.001	0.001	0	0	0.017	0	0.002	0	0	0.818	0	0.074	0.013	0	0	0	0	0.012	0.022	0	0.024	0	0	0	0.002	0.008	0.002	0.028	0.028	0.001	0.001	0.021	0.021	0	0	0.005	0.001	0	0	0	0	0	0	0.027	0.027	0	0.017	0	0	0.009	0	0.997	0	0	0.008	0.008	0.016	0.036	0	0	0.027	0
PD47581a	0.019	0.019	0.04	0.046	0.028	0.028	0.011	0.011	0.055	0.055	0.034	0.034	0	0	0.018	0.066	0.017	0.052	0.064	0.064	0	0	0	0	0.027	0.043	0	0.048	0.072	0.019	0.029	0.079	0.079	0	0	0.043	0.034	0.025	0.024	0	0	0	0	0	0	0	0	0	0	0	0	0	0	0.005	0.008	0	0	0	0	0	0	0.01	0.01	0.012	0.012	0	0	0.03	0	0	0	0	0	0	0.032	0.001	0	0	0	0
PD47582a	0.027	0.987	0.021	0.025	0	0	0.025	0	0.001	0.001	0	0	0	0	0.031	0.031	0	0.106	0.016	0.018	0	0	0	0	0	0.012	0	0.035	0	0.038	0.027	0.005	0.007	0	0	0	0	0.003	0.024	0	0	0	0	0	0	0.014	0.028	0	0.022	0	0	0.265	0.265	0.002	0.001	0	0	0.004	0	0	0	0.039	0.039	0.022	0.022	0.97	0	0.045	0	0.88	0	0	0	0	0.04	0.056	0.982	0.99	0	0
SCI055	0	0	0	0	0	0	0	0	0	0	0	0	0	0	0	0	0	0.022	0	0	0.021	0.021	0	0	0	0	0	0.007	0	0	0	0	0	0	0	0	0	0	0	0.048	0.048	0.048	0.042	0.068	0.068	0.063	0.063	0.131	0.109	0.088	0.053	0.07	0.07	0.065	0.065	0.071	0.071	0.058	0	0.061	0.061	0	0	0.059	0.059	0.082	0.053	0.056	0	0	0.017	0.017	0.102	0.1	0.046	0.074	0.042	0.042	0.001	0.014
SCI056	0.004	0.356	0.001	0	0	0	0.258	0.258	0	0	0	0.002	0.004	0.006	0	0.003	0.244	0.28	0.007	0.007	0.002	0.001	0	0	0	0	0.001	0	0	0.034	0.023	0.069	0.069	0	0	0.015	0.015	0.017	0	0	0	0	0	0	0.003	0.003	0.003	0	0	0.002	0.005	0	0	0	0	0.008	0	0	0	0	0	0	0	0.007	0.012	0.345	0.003	0	0.002	0.002	0	0	0	0	0	0	0	0	0	0.25
SCI057	0.001	0	0.024	0.017	0.989	0.987	0.019	0.038	1	1	1	1	0.98	0.98	0.036	0.026	1	1	0.019	0.021	0	0	0.055	0.049	0.029	0.026	1	0.006	0.009	0	0	0.075	0.076	0.882	0.905	0.021	0	0.988	0	0.006	0.006	0.019	0	0	0	0	0	0	0	0	0	0	0	0	0	0	0	0	0	0	0	0.066	0.067	0	0	0	0	0	0.001	0	0.01	0.037	0	0	0	0	0	0.001	0	0.012
SCI058	0	1	1	0.001	0	0.721	0	0.002	0	0	0.004	0.007	0.011	0.012	0	0.029	0	0	0	0.003	0	0	0	0	0	0	0	0.018	0.038	0	0	0	0	0.058	0	0	0.052	0	0.046	0.023	0.023	0.023	0	0	0.419	0.035	0	0	0	0.031	0.021	0	0	0	0	0.777	0	0.042	0.019	0.013	0	0.062	0.062	0.035	0.035	1	1	0.045	0	0	0.799	0.008	0.007	0.007	0	0.034	0.79	0	1	0
SCI059	0.078	0.043	0.027	0.011	0.986	0.941	1	0.991	0	0	0.008	0.021	0	0.093	0.046	0.019	0	0.079	0.034	0.034	0	0	0.011	0.078	0	0	0	0.083	0	0.077	0.077	0.033	0.033	0.03	0.016	0.017	0	0	0.085	0.369	0.004	0.004	0	0	0	0	0	0	0	0.04	0.018	0	0	0.309	0	0	0	0.035	0	0	0	0.05	0.405	0	0	1	0.367	0.003	0	0.95	0	0	0	0	0	0	0	0.407	0.01	0
SCI061	0	0	0	0.004	0	1	0	0	0	0	0.009	0.014	0	0	0.001	0.001	0	0	0.003	0.003	0	0.973	0.033	0	0	0.003	0	0.009	0.012	0	0	0.012	0.012	0	0	0	0	0.004	0.01	0.015	0.015	0.015	0.002	0.001	0	0.019	0.011	0.001	0.001	0.041	0	0	0	0.018	0.018	0	0	0.019	0.018	0	0	0.044	0	0	0.001	0.006	0	0.04	0	0	0.014	0.014	0	0	0.022	0.012	0.007	0.007	0	0.016
SCI062	0.014	0.014	0.01	0.006	0.006	0.009	0	0	0	0	0.002	0.002	0	0.001	0	0	0	0	0.021	0.021	0.121	0.123	0	0	0	0.111	0.115	0.015	0	0.019	0.019	0.004	0.004	0.005	0.003	0.014	0.014	0.02	0.035	0	0	0	0	0	0	0	0	0	0.003	0.007	0.01	0	0	0	0	0	0	0.003	0.008	0	0	0	0	0.01	0.01	0.003	0	0	0	0.001	0	0	0	0	0	0	0	0	0	0
SCI063	0	0	0	0	1	0.991	0.927	0.927	0	0	1	1	0.041	1	0	0	1	1	0	0	0	0	0	0	0	0	0	0	0.312	0	0	0.943	0.953	1	1	0	0.004	0	0.007	0.021	0.021	0.021	0.021	0.076	0.089	0	0	0	0	0.165	0.071	0	0	0	0	0.091	0.092	0	0	0.062	0.057	0.081	0.121	0.141	0.141	0.154	0.072	0.037	0	0	0.018	0.015	0	0	0	0	0.028	0	0.043	0
SCI064	0	0.948	0	0	0	0	0	0	0	0	0.002	0.003	0	0	0.004	0.003	0.848	0.885	0	0	0	0	0	0	0	0	0	0	0	0	0	0.008	0.001	0.009	0.008	0	0	0.006	0	0.027	0.027	0.027	0	0.013	0.001	0.022	0.022	0.03	0.03	0.032	0.01	0	0	0.002	0.002	0	0	0	0	0.006	0.006	0.042	0.042	0.01	0.012	0.027	1	0.021	0.018	0.171	0.018	0.017	0	0	0	0	0.024	0.024	0	0.012
SCI065	0.014	0.021	0.013	0.013	0	0	0.011	0.011	0.005	0.003	0.015	0.014	0.003	0.003	0.014	0.014	0	0.017	0.025	0.021	0	0.996	0.003	0.003	0.005	0.013	0.004	0.035	0.031	0.02	0.02	0.008	0.008	0.009	0.004	0.017	0.02	0.014	0.017	0	0	0	0	0	0	0.002	0.004	0	0	0	0	0	0	0	0	0	0	0.001	0	0	0	0.008	0	0	0	0	0	0	0	0	0	0	0	0	0	0	0	0	0	0
SCI066	0.072	0.203	0.044	0.048	0.02	0.02	0.004	0.026	0.026	0.023	0.054	0.038	0.053	0.053	0.082	0.043	0.073	0.131	0.053	0.053	0.017	0.017	0	0	0	0.09	0.166	0.082	0	0.102	0.102	0	0	0	0.008	0.058	0.072	0.064	0.089	0	0	0	0	0	0	0	0	0	0	0	0	0	0	0	0	0	0	0	0	0	0	0	0	0.037	0.037	0.999	0	0	0	0.054	0	0	0.025	0.016	0.05	0	0	0	0	0
SCI067	0	0.821	0.003	0.018	0	0	0	0	0	0	0.009	0.009	0	0	0.015	0.017	0.007	0.896	0.026	0.02	0	0	0	0	0	0	0	0.022	0.027	0	0	0	0	0.683	0	0.011	0.011	0	0	0.006	0.006	0.006	0	0	0	0.162	0.016	0.023	0.027	0.083	0.007	0	0	0.01	0.012	0	0	0	0	0	0	0.052	0.052	0.066	0.066	0.944	0.886	0.04	0	0	0.006	0.015	0.054	0.054	0	0.081	0	0	0.022	0.003
SCI068	0	0.92	0	0	0.963	0.932	1	0.986	0	0	0	0	0	0	0	0	0	0	0	0	0.925	0.925	0.001	0.001	0	0.001	0	0.032	0.028	0	0	0.011	0.011	0.029	0.019	0	0	0	0	0.018	0.018	0.018	0.015	0.029	0.034	0	0	0	0	0.095	0.05	0.03	0.029	0.048	0.048	0.017	0.028	0.083	0.039	0.016	0.063	0	0	0	0	0.042	0.012	0.005	0	0	0.042	0.005	0	0	0	0	0.008	0.008	0.039	0.919
SCI069	0	0.015	0.009	0.017	0	0	0.001	0.013	0	0.017	0.012	0.014	0.018	0.018	0	0	0.013	0.024	0	0	0	0	0	0	0	0	0.003	0	0	0	0	0	0	0	0	0.004	0.004	0.009	0.006	0	0	0.746	0	0	0	0.006	0.006	0	0	0.012	0	0	0	0	0	0.005	0.005	0	0	0	0	0.005	0.005	0.001	0.001	0.002	0.974	0	0.001	0.001	0.002	0.002	0.014	0.018	0.019	0.016	0	0	0	0
SCI070	0.042	0.967	1	1	0.878	0.879	0.019	0	0.947	0.947	1	0.183	0.931	0.821	0.03	0.031	0.918	0.965	0	0	0.804	0.804	0.744	0.663	0.261	0	0.844	0.094	0.094	1	0.997	0.789	0.789	1	1	0	0.032	0.949	1	0	0	0	0	0	0	0	0	0	0.754	0	0	0	0	0	0	0	0	0	0	0.973	0.015	0	0	0	0	0	0	0	0	0	0	0	0	0	0	0	0.998	0	0	0
SCI071	0	0	0.012	0.004	0	0	0.016	0.016	0.003	0.003	0.008	0.008	0	0	0.016	0.008	0.019	0.072	0.025	0.025	0.002	0.002	0	0	0.042	0.009	0	0.01	0	0.023	0.018	0.01	0.01	0	0	0.007	0.007	0.02	0.002	0	0.218	0.218	0.009	0	0	0	0	0	0	0	0	0	0	0.001	0.1	0	0	0	0	0	0	0	0	0.004	0.004	0	0	0.003	0	0.221	0	0	0	0	0.004	0.007	0	0	0	0
SCI072	0	0	0	0	0.962	0.933	0	0	0.993	0.993	0	0	0.99	1	0	0	1	1	0	0	0.853	0.853	0	0	0	0	0	0.044	0.044	1	1	0.043	0.037	0.888	0.959	0	0	0	0	0.1	0.1	0.1	0.131	0.042	0.06	0	0	0.066	0.066	0	0	0.052	0.052	0	0	0.054	0.054	0	0	0.027	0.02	0	0	0.046	0.06	0.048	0.02	0.163	0	0	0	0	0	0	0	0	0.068	0.068	0.092	0.054
SCI073	0	0	0	0	0.955	1	0.023	0.023	0	0.083	0	0	1	1	0.015	0.015	0.068	0.037	0.019	0.038	0.958	0.971	0	0	0	0	0.96	0.007	0	0.041	0.041	0	0	1	0.824	0	0	0	0	0.018	0.018	0.018	0.018	0.001	0.001	0	0	0	0	0.042	0	0.059	1	0	0	0	0	0	0	0	0	0	0	0.054	0.054	0.024	0	0	0.008	0.021	0	0	0.052	0.052	0	0	0.026	0.026	0.051	0.001
SCI074	0.038	0.038	0.04	0.018	0.035	0.005	0	0	0	0.015	0.026	0.026	0.014	0.014	0.025	0.025	0.055	0.042	0.045	0.045	0.025	0.025	0.017	0.017	0	0.009	0.022	0.074	0.075	0.071	0.071	0.025	0.004	0	0	0.066	0.066	0	0.037	0	0	0	0	0	0	0	0	0.025	0.025	0.04	0	0	0	0	0	0	0	0	0	0	0	0	0	0	0	0.024	0	0	0	0	0	0	0	0	0.006	0.006	0	0	0.002	0
SCI075	0	0	0	0	1	1	1	1	1	1	1	1	1	1	0	0	1	1	0	0	0	0	0.062	0.061	0	0	0.987	0.035	0.09	1	1	0.094	0.094	0.994	0.994	0	0.021	1	0	0.011	0.011	0.011	0.011	0.006	0.006	0	0	0	0	0	0	0	0	0	0	0.005	0.005	0	0	0.006	0	0.082	0.082	0	0	1	0	0	0	0	0	0	0	0	0	0	0.011	0	0	0.008
SCI076	0	0.015	0	0	0	0	0	0	0	0	0.002	0.002	0	0	0	0	0	0	0	0	0	0	0.005	0.005	0	0	0	0	0	0	0	0.053	0.003	0.005	0	0	0	0	0	0.014	0.014	0.014	0	0.006	0.006	0.003	0.003	0.039	0.003	0.019	0.005	0	0	0.01	0.01	0.007	0.007	0.027	0.027	0.006	0.019	0.02	0.02	0	0	0.007	0.025	0.055	0.039	0.039	0.024	0.023	0	0	0	0.012	0.031	0.028	0.01	0.037
SCI077	0.01	0.02	0.027	0.027	0	0	0.018	0.06	0.063	0.063	0.052	0.05	0.007	0.008	0.035	0.035	1	0.995	0.031	0.046	0	0	0	0	0	0.032	0.993	0	0.044	0.014	0.016	0.887	0.899	0.73	0.73	0	0	0.051	0	0	0	0	0	0	0	0.009	0.016	0	0	0	0	0	0	0	0	0	0	0	0	0	0	0.023	0.023	0.161	0.161	0.996	0	0	0.001	0	0	0	0	0	0	0	1	1	0	0.006
SCI078	0	0.017	0.046	0.022	0	0	0.004	0.004	0	0	0	0	0.001	0	0.025	0.025	0.001	0.003	0	0.027	0	0	0	0	0	0.027	0	0.065	0.092	0	1	0.001	0.001	0	0	0.018	0.018	0	0	0	0	0	0	0	0	0.091	0.043	0	0	0.046	0.001	0	0.968	0	0.007	0	0	0	0	0.857	0	0.031	0.922	0.009	0.018	1	0	0.035	0	0	0.87	0	0	0	0.058	0.058	0	0	0.047	0.99
SCI079	0	0.004	0.023	0.013	0	0	0	0.002	0	0	0.032	0.032	0.004	0.004	0	0.009	0.645	0.684	0.012	0.012	0	0	0	0	0	0	0	0.015	0.023	0.005	0	0.005	0.005	0	0	0	0	0.009	0	0.014	0.014	0.014	0	0	0	0.043	0.034	0.018	0	0.049	0.011	0	0	0	0	0.018	0	0	0	0	0	0.063	0.063	0.022	0.022	0.99	0.974	0.032	0	0	0	0.013	0	0	0.068	0.077	0.01	0.01	0	0.007
SCI080	0	0.124	0.035	0	0.222	0	0	0	0	0.046	0.071	0	0	0	0.208	0.081	0.625	0.584	0.099	0.066	0	0.033	0.006	0	0	0	0	0.339	0.297	0.108	0.233	0.514	0.514	0	0	0.096	0	0.929	0.137	0	1	0.983	0	0	0.015	0	0.075	0.059	0.266	0.378	0	0	0.714	0.298	0.005	0	0	0	0	0	0	0.053	0	0	0.201	0.322	0.138	0.031	0	0	0	0	0	0	0.116	0.131	0	0.306	0	0
SCI081	0	0	0	0	0	0.521	0	0	0	0	0	0	0	0	0	0.065	0	0	0	0	0.764	0.798	0	0	0	0	0	0.149	0.109	0	0	0	0	0	0	0.001	0.007	0	0.026	0	0.173	0.173	0.095	0.056	0.114	0.045	0	0.178	0.357	0.457	0.105	0.229	0.229	0.211	0.211	0.163	0	0.239	0.312	0.016	0.219	0	0	0.075	0.522	0.447	0.118	0.202	0	0	0.057	0.017	0.038	0.256	0.074	0.178	0	0	0.283	0
SCI082	0	0	0	0	0	0	0	0	0	0	0	0	0	0	0	0	0	0.07	0	0	0	0	0	0	0	0	0	0.025	0.027	0	0	0	0	0	0	0	0	0	0	0.036	0.036	0.036	0.036	0.034	0.05	0.072	0.086	0.113	0.143	0.198	0.04	0.03	0.04	0.07	0.07	0.047	0.047	0.074	0	0.019	0.019	0.098	0.091	0.005	0.001	0.954	0.036	0.072	0	0	0.023	0.023	0.035	0.035	0.146	0.165	0.011	0.042	0.134	0.866
SCI083	0.045	0.045	0.031	0.003	0	0	0.889	1	0	0	0.046	0.047	0	0	0	0	1	1	0	0	1	0.97	0.07	0.069	0	0.032	0.018	0	0	0.062	0.052	0.036	0.037	0	0	0	0	0	0.055	0	0	0	0	0	0.014	0.095	0.06	0	0	0.353	0.021	0	0	0.02	0.04	0.039	0.039	0	0	0.009	0.013	0	0	0	0	0.098	0	0	0.028	0.028	0	0	0	0	0.048	0.108	0.017	0.017	0.026	0
SCI084	0.016	0.015	0.02	0.02	0	0	0.023	0.024	0.004	0.004	0.03	0.031	0	0	0.036	0.032	0.998	1	0.036	0.039	0	0	0	0	0.031	0	0.001	0.053	0	0.013	0.013	0	0	0.826	0.852	0.021	0.021	0.021	0.01	0	0	0	0	0	0	0.012	0.018	0	0	0	0	0	0	0	0.001	0	0	0	0	0	0	0.038	0.038	0.069	0.069	0	0.991	0	0	0.891	0	0	0.034	0.034	0	0	0	0	0	0
pM11003	0	1	0.027	0.022	0	0.007	0.033	0.059	1	1	1	0	0.978	0.978	0.033	0.046	1	1	0.078	0.039	0	0	0	0	0	0.1	0.943	0	0.083	0	0	0.462	0.954	0.702	0.702	0	0	1	0	0.013	0.013	0.745	0	0	0	0.012	0.268	0	0	0	0	0	0.373	0	0	0	0	0	0	0	0	0.052	0.052	0.07	0.063	0.213	0	0	0.02	0	0.031	0.031	0	0	0	0	0.001	0.001	0	0.044
SCI085	0	0.962	0	0.001	0	0	0	0	0	0	0	0	0	0	0.009	0.005	0.021	0.022	0.006	0.013	0.111	0	0	0	0	0	0	0.012	0.014	0.008	0.008	0	0	0	0	0	0.007	0.005	0	0.316	0.316	0.316	0	0.003	0	0.009	0.015	0.033	0.006	0.01	0.007	0	0	0.121	0	0	0	0	0	0	0	0	0.017	0.029	0.034	0.025	0.994	0.011	0	0	0	0	0.014	0.014	0.008	0.014	0.233	0	0	0
SCI087	0	0.014	0	0	0	0	0	0	0	0	0.001	0.001	0	0	0	0	0	0	0.004	0.004	0	0.899	0	0	0	0	0	0.007	0.008	0.015	0	0.003	0.003	0	0	0.005	0.005	0	0	0.002	0.002	0.002	0.854	0.004	0.325	0.025	0.025	0.009	0.012	0.024	0	0	0	0.015	0.015	0	0	0.02	0.009	0	0	0.036	0	0.007	0.007	0.007	0	0.034	0	0	0	0	0	0	0.028	0.019	0	0	0.014	0
SCI088	0.01	0.949	0.005	0.013	0.929	0.929	1	1	0	0	0.022	0.02	0	0	0.011	0.011	0	0	0.017	0.016	0.894	0.894	0.026	0.026	0	0.038	0	0.064	0.064	0.053	0.015	0.069	0.069	0.022	0.013	0	0.03	0	0.064	0	0	0	0	0	0	0	0	0	0	0.047	0.022	0	0	0.017	0.018	0	0	0.033	0.001	0	0	0	0	0	0	0.995	0	0.03	0	0	0	0	0	0	0	0	0.007	0	0.009	0.058
SCI089	0	0	0.012	0.036	0.957	0.957	0.026	0.063	0	0	0.064	0.063	0.996	0.986	0.057	0.055	1	1	0.023	0.021	0.853	0.853	0	0	0	0.058	1	0	0.059	0	0	0.065	0.065	0.779	0.787	0	0	1	0	0.009	0.009	0.009	0.009	0	0	0	0	0	0	0.026	0.026	0	0	0	0	0	0	0	0	0	0	0	0	0	0	1	0	0	0	0	0.027	0.065	0	0	0	0	0.018	0.018	0	0.058
SCI090	0.022	0.941	0	0	0	0	0	0.006	0	0	0.002	0.002	0.006	0.006	0	0	0	0	0.004	0	0.003	0	0.001	0.004	0	0	0.001	0.015	0	0.01	0.007	0.001	0	0.038	0.032	0	0	0.012	0.012	0	0	0	0	0.002	0.004	0.004	0.004	0	0	0	0	0	0	0	0	0.001	0.001	0	0	0	0.006	0	0.002	0	0	0.063	0.971	0	0	0.013	0	0	0	0.007	0	0	0.004	0.004	0	0
SCI091	0	0	0.025	0.025	0.992	1	0.013	0.053	0.89	1	0.036	0	0.037	0.039	0.045	0.045	0.967	0.953	0.019	0.032	0.859	0.961	0.002	0.002	0.045	0.136	0.968	0.001	0.098	0	0	0.067	0.067	0.792	0.81	0	0	0.122	0	0.017	0.342	0.051	0.018	0	0	0	0	0	0	0	0	0	0.816	0	0	0	0	0	0	0	0	0	0	0	0	0	0	0	0	0	0.029	0.029	0	0	0	0	0.01	0.01	0	0.021
SCI093	0	1	0.023	0.022	0.491	0	0	0.034	0.969	0.969	0.022	0.022	0	0.002	0	0.034	0.988	0.963	0.005	0.021	0	0	0	0	0	0.025	0	0	0.039	0	0.727	0.029	0	0.78	0.82	0.009	0	0.022	0	0.005	0.005	0.005	0	0	0	0	0.012	0.063	0	0	0	0	0	0.912	0	0.181	0	0	0	0	0	0.05	0.05	0.028	0.027	0.974	0	0.046	0.02	0	0.021	0	0	0.043	0	0	0	0.018	0	0.023
pM4175	0.006	0.013	0.008	0.015	0.021	0.031	0.022	0.022	0.016	0.02	0.014	0.014	0	0	0.012	0.012	0.013	0.013	0.008	0.006	0.012	0.012	0.75	0.76	0.013	0.008	0.007	0	0	0	0	0.773	0.761	0.675	0.672	0	0	0.013	0	0	0	0	0	0	0	0	0	0	0	0	0	0	0	0.003	0.003	0	0	0	0	0	0	0	0	0	0	0	0	0	0.003	0.003	0.023	0.023	0	0	0	0	0.007	0.007	0	0.024
SCI094	0	0.274	0.012	0.008	0	0	0.006	0.011	0	0	0	0.033	0.01	0.004	0.019	0.019	0.002	0.057	0.022	0.021	0	0	0	0	0	0	0	0	0	0.06	0.036	0	0	0	0	0.023	0	0.02	0.056	0	0.758	0.169	0	0	0	0.035	0.035	0	0	0.016	0.01	0.002	0	0	0	0	0	0	0	0	0	0.042	0.045	0.023	0.035	1	1	0.022	0.979	0.557	0	0	0.014	0.014	0.007	0.045	0	0.695	0	0
SCI095	0	0	0	0	0	0	0	0	0	0	0	0	0	0.001	0	0	0.012	0.232	0	0	0	0	0	0	0	0.036	0	0	0	0.012	0	0	0	0	0	0	0	0	0	0.017	0.017	0.017	0.006	0.006	0.011	1	0.01	0.002	0.002	0.005	0.005	0.01	0.009	0.001	0	0.006	0.006	0	0	0.003	0.003	0.015	0.015	0.035	0.035	1	0.004	0.037	0.002	0.002	0	0.007	0.003	0.003	0.08	0.08	0.016	0.016	0.003	0.037
SCI096	0	0	0.008	0.025	0	0	0.021	0.057	0	0	0.076	0	0	0	0.031	0.031	0.843	0.822	0.011	0.019	0.794	0.794	0	0	0.034	0.556	1	0.029	0.029	0	0	0.528	0.526	0	0	0	0	0.006	0	0.014	0.014	0.014	0.014	0	0	0.051	0.034	0	0	0.013	0.013	0	0.945	0.027	0.027	0	0	0	0	0	0	0	0	0.027	0.034	0	0	0	0	0	0.029	0.036	0	0	0.131	0.136	0.016	0.029	0	0.04
SCI097	0	0	0.004	0.014	0.859	0.904	1	1	0.988	0.989	0.035	0.035	0.983	0.964	0.019	0.019	0.983	0.998	0.037	0.01	0.848	0.825	0.035	0.035	0.06	0.003	0.913	0.005	0.016	0.009	0	0.109	0.109	0.962	0.962	0.002	0.003	1	0.007	0.026	0.026	0.026	0.026	0	0	0	0	0	0	0	0	0	0	0	0	0	0	0	0	0	0	0	0	0	0	0	0	0	0	0	0	0.019	0	0	0	0	0	0	0	0
SCI098	0.014	1	0.042	0.028	0	0	0	0.227	1	0.013	0.936	0	0	0	0.035	0.035	0	0	0.017	0.017	0	0	0	0	0	0	0	0.004	0.052	0	0	0	0	1	0	0.011	0	0	0	0	0	0	0	0	0	0.03	0.03	0.719	0	0	0	0	0.402	0.02	0.021	0	0	0.016	0.016	0	0	0.066	0.069	0.068	0.059	0.988	0	0.048	0	0	0.003	0.021	0.014	0.019	0	0.167	0	0.006	0.004	0.002
SCI099	0	0.026	0	0	0.002	0	0	0	0	0	0	0	0	0	0	0	0	0.002	0	0	0	0	0	0	0	0.001	0	0	0	0	0	0	0	0	0	0.003	0.009	0	0	0.014	0.014	0.014	0	0.01	0.021	0	0.018	0.041	0.041	0.041	0.021	0.047	0.047	0.028	0.028	0.02	0.02	0.024	0	0.008	0.008	0.001	0.001	0.036	0.036	0.052	0.012	0.004	0	0.002	0.002	0.01	0.034	0.034	0.036	0.036	0	0	0.032	0.01
SCI100	0	0.365	0.016	0.01	0	0	0	0.01	0.979	0.979	0.004	0.035	0.731	1	0.018	0.018	1	1	0.013	0.013	0	0	0	0	0	0.036	0	0.016	0	0	0	0.025	0.025	0.776	0.776	0.005	0.005	0	0	0.752	0.87	0.799	0	0	0	0.054	0.054	0	0	0	0	0	0	0	0	0	0	0	0	0	0	0.033	0.032	0.066	0.066	1	0	0.068	0	0.974	0.036	0.036	0	0	0	0	0	0	0.025	0
SCI101	0.045	0.966	0.047	0.058	0.031	0.031	0.043	0.043	1	1	0.064	0.064	1	1	0.053	0.053	1	1	0.052	0.052	0	0	0	0	0	0.063	0.022	0.039	0.039	0.024	0.026	1	1	0.843	0.897	0.05	0.05	0	0.024	0	0	0	0	0	0	0	0	0	0	0	0	0	0	0	0	0	0	0	0	0	0	0	0	0.113	0.113	1	0	0	0	0	0	0	0	0	0	0	0	0	0.005	0
SCI102	0	0	0.011	0.012	0	0	0.014	0.014	0	0	0.019	0.019	0	0	0.016	0.016	0.001	0.01	0.014	0.014	0.855	0.855	0.008	0.006	0.009	0.015	0	0.005	0	0.009	0	0.03	0.029	0	0	0.001	0.001	0.023	0	0	0	0	0	0	0	0.021	0.021	0	0	0.004	0.003	0	0	0.001	0.001	0	0	0	0	0	0	0	0	0	0	0	0	0.021	0	0.039	0	0.001	0	0	0.02	0.021	0	0	0	0.006
SCI103	0.007	0.356	0.046	0.046	0	0	0.065	0.091	0.016	0.017	0.068	0.075	0	0	0.054	0.056	1	0.975	0.008	0.032	0.877	0.887	0	0	0	0.039	0.914	0	0	0	0	0.917	0.917	0.657	0.652	0.002	0	1	0	0	0	0	0	0	0	0.024	0.013	0.019	0	0	0	0	0	0.005	0.009	0	0	0	0	0	0	0	0	0.111	0.111	0.948	0	0	0.398	0.589	0.032	0.046	0	0	0	0	0	0.006	0	0.038
SCI104	0.022	0	0	0	0	0	0	0	0	0	0	0	0	0	0	0	0	0.07	0.003	0.003	0.048	0.272	0	0	0	0.024	0.033	0.017	0	0.056	0.036	0	0	0	0	0.017	0.018	0	0.047	0	0	0	0	0.005	0.019	0.043	0.036	0.105	0.067	0.146	0.023	0.02	0.02	0.024	0.049	0.035	0.035	0.094	0	0	0	0	0	0.007	0.033	0.097	0	0	0	0.007	0	0	0.059	0.06	0.089	0.072	0	0	0.004	0
SCI105	0	0	0	0	0	0	0	0	1	1	0.011	0.011	0	0	0	0	1	1	0	0	0.964	0.964	0	0	0	0	1	0	0.057	0	0	0	0	0.929	0.956	0	0	1	0	0.039	0.039	0.039	0.05	0.025	0.008	0.033	0.033	0.01	0.01	0	0	0	0	0.099	0.099	0.023	0.023	0	0	0.034	0.006	0	0	0.072	0.072	0.017	0.009	0	0.059	0	0.092	0.092	0.049	0.046	0	0	0.054	0.045	0	0.068
SCI106	0.006	0	0	0.007	0	0	0	0	0.007	0.002	0	0	0	0	0	0	0.012	0	0	0	0	0	0	0	0	0.022	0.025	0.008	0.008	0	0	0	0	0	0	0.006	0.007	0.039	0	0.001	0.001	0.001	0.001	0.003	0	0.005	0.005	0.006	0.003	0	0	0.011	0.011	0.017	0.018	0.005	0.005	0	0	0	0	0.015	0.015	0.013	0.035	0.932	0	0	0	0	0.01	0.01	0.015	0.015	0.085	0.085	0	0	0	0.004
SCI107	0.135	0.135	0.106	0.121	0.13	0.11	0.107	0.107	0.104	0.111	0.104	0.104	0.113	0.101	0.1	0.1	0.11	0.446	0.111	0.109	0.087	0.087	0.075	0.087	0	0.141	0.166	0.165	0.134	0.163	0.143	0.048	0.048	0.116	0.087	0.139	0.139	0.117	0	0	0	0	0	0	0	0	0	0	0	0	0	0	0	0	0	0	0	0	0	0	0	0	0	0	0	0.601	0	0	0	0	0	0	0	0	0	0	0	0	0	0.539
SCI108	0	0	0	0	0	0	0	0	0	0	0	0	0	0	0.015	0	0	0.01	0	0.001	0	0	0	0	0	0	0.04	0.009	0.004	0.006	0.005	0	0	0	0	0	0.003	0	0.003	0.001	0.001	0.001	0.001	0.003	0.001	0.004	0.004	0.005	0.005	0.008	0.002	0.005	0.005	0.003	0.002	0	0.004	0.01	0	0.005	0	0.004	0.004	0.024	0.024	0.008	0	0	0	0	0	0	0.021	0.021	0.015	0.01	0.002	0	0	0
SCI109	0.763	0.934	1	1	0.876	1	0.897	1	1	1	0.972	0.199	1	1	0	0.052	1	1	0.077	0.077	0	1	0.045	0.045	0.046	0.046	1	0.914	0.205	1	1	1	1	1	1	0.024	0.03	1	1	0	0	0	0	0	0	0	0	0	0	0	0	0	0	0	0	0.793	0	0	0	0	0	0.099	0	0	0	0	0	0	0	0	0	0	0	0	0	0	0	0	0	0
SCI110	0.005	0	0.002	0	0	0	0.158	0.154	0	0	0.001	0	0	0	0	0	0	0.002	0.011	0.01	0.167	0.152	0	0	0	0	0.003	0.035	0.033	0.025	0.025	0	0	0.016	0.011	0.01	0.022	0.009	0	0.001	0.001	0.001	0.003	0	0.006	0.018	0.018	0	0	0.016	0.01	0	0.006	0.004	0.004	0.001	0.001	0.008	0	0	0	0	0	0.011	0.011	0.13	0	0	0	0	0	0	0.007	0.007	0	0	0	0	0	0.565
SCI111	0	0	0	0	0.943	0.926	1	1	0.905	1	0	0	0.992	1	0.014	0.014	1	1	0.009	0.005	1	1	0.05	0.061	0.018	1	0.934	0.035	0.169	0	0	0.101	0.098	1	1	0	0	1	0.004	0.02	0.02	0.02	0.039	0.014	0	0	0	0	0	0	0	0.01	0.01	0	0	0	0	0	0	0	0	0	0	0	0	0	0	0	0	0	0.006	0.037	0	0	0	0	0.021	0.007	0	0.002
SCI112	0	0	0.015	0.023	0.966	0.966	0.005	0.023	0.945	1	1	1	0.97	0.973	0.024	1	1	1	0.012	0.014	0.927	0.928	0.032	0.031	0	0.021	0.942	0.009	0.094	0.695	0.659	0.079	0.079	0.89	0.887	0.007	0	0.977	0	0.022	0.022	0.022	0.022	0	0	0	0	0	0	0	0	0	0	0	0	0	0	0	0	0	0	0	0	0	0	0.036	0	0	0.006	0	0	0	0	0	0	0	0	0.014	0	0.028
SCI113	0.013	0.013	0.021	0.024	0	0	0.015	0.042	1	1	0	0	0.97	0.97	0.028	0.028	1	0.963	0.015	0.015	0	0	0	0	0	0.033	0.908	0	0	0	0	0.773	0.773	0.698	0.653	0	0	0	0	0	0	0	0	0	0	0.032	0.032	0.008	0	0	0	0.001	0.301	0	0	0	0	0	0	0	0	0.027	0.027	0.104	0.104	0.989	0	0	0.007	0.028	0.019	0.019	0	0	0	0	0.024	0.159	0.023	1
SCI114	0.029	0.041	0.003	0.003	0.001	0	0	0	0	0	0	0	0	0	0	0	0.003	0.003	0.024	0.024	0	0	0	0	0	0.017	0.029	0	0	0.041	0.024	0	0	0.003	0	0.011	0.011	0	0.021	0	0	0	0	0	0.008	0	0.001	0.045	0.052	0.02	0.022	0.011	0.011	0.032	0.028	0.03	0.03	0	0	0	0	0.029	0.029	0.006	0.006	0.06	0	0	0	0.096	0	0	0.029	0.029	0	0.023	0	0	0.004	0
SCI115	0.015	0.024	0.038	0.039	0.981	0.983	0.025	0.025	0.768	0.766	1	0.18	0.005	0.005	0.048	0.01	1	0.991	0.037	0.037	0	0	0	0	0	0.019	0.987	0.002	1	0	0	0.029	0.982	0.802	0.804	0.04	0.021	1	0.008	0	0	0	0	0	0	0	0	0	0	0	0	0	0	0	0	0	0	0	0	0	0	0.029	0.029	0.043	0.057	0.175	0.984	0	0	0	0.053	0.011	0	0	0	0	0	0	0	0
SCI116	0	0	0.003	0.014	0	0.981	0.025	0.025	1	1	0.036	0.036	0	0	0.036	0.036	1	1	0.025	0.027	0.976	0.976	0	0	0.024	0.04	1	0.156	0.21	0.024	0.024	0.039	0.039	0.941	0.935	0	0	0.002	0	0.013	0.013	0.013	0.013	0	0	0.039	0.057	0	0	0	0	0	0	0.051	0.022	0	0	0	0	0	0	0	0	0.008	0.008	0	0	0	0	0	0	0	0	0	0	0	0.002	0.002	0	0.03
