cna	med_timing	mean_timing	sd	min	max	first_q	third_q	n	CNA_type	cna_f
amp_chr_5p	-0.08300576473456144	0.2248319851640301	0.9966282011191756	-1.8679655132450657	2.4381202093240257	-0.31932957549130914	0.6515704881246865	19	Amp	amp_chr_5p
HyperDiploidy	0	0	0	0	0	0	0	30	Amp	HyperDiploidy
del_chr_16p	0.14606804869718287	0.3119594894513234	1.1155589048734478	-1.4305601296490273	2.538170265403545	-0.5879820769854902	1.2049154077059088	26	Del	del_chr_16p
del_chr_21q	1.0047517634994951	1.3277270254200124	1.1357070167882615	-0.2727055666197512	4.156055543396302	0.763917440092568	1.5379430380706665	18	Del	del_chr_21q
del_chr_14q_MAX	1.4026052499941595	1.0230555375190402	1.5168864834398839	-1.7899117188019222	3.5379751766496272	-0.15881024347131287	1.9470039908639971	30	Del	del_chr_14q_MAX
del_chr_10p	1.9577964328467308	2.5509165143686667	2.3611789352969956	-1.0581814999282662	11.496605717422105	1.2323989550876124	3.7967457439835277	29	Del	del_chr_10p
amp_chr_6p	2.1786461686069494	2.4168100521917784	1.024084804881505	0.7396672900734909	4.858628270947397	1.6665872253920238	3.010092608454232	30	Amp	amp_chr_6p
amp_chr_19p	2.2073854623006404	2.141464072547588	1.5191951697017703	-0.6091067617976492	5.212981408704706	1.0818915220306402	2.9387696682804667	27	Amp	amp_chr_19p
del_chr_16q_CYLD	2.336245720359101	2.2741827670412933	1.9397784379243739	-2.8305726740852233	5.869812934586912	1.3031491195991967	3.0212874454323457	30	Del	del_chr_16q_CYLD
del_chr_13q	2.4305317011211014	2.319097984474563	1.7301430309158747	-3.127563495918246	4.630596815441001	1.6562854179197808	3.4929029543147445	30	Del	del_chr_13q
amp_chr_4p	2.699587102282712	3.1532180140903425	2.055025583372929	-0.7374387373148525	9.612892644650032	1.8420424463842262	4.278061439072471	30	Amp	amp_chr_4p
del_chr_1p_EVI5	2.733519158120928	2.8881626067091015	1.1816904036986506	0.5769385546083259	6.2009768003406744	2.1230566211128106	3.4691761649523323	30	Del	del_chr_1p_EVI5
del_chr_6q	2.7588430450707024	2.6557691914062906	1.3642159798484548	-1.074014377562596	4.878319505002464	1.7922724331988291	3.5388976528669556	30	Del	del_chr_6q
del_chr_22q_XBP1	2.7742010717045043	2.826411171117162	1.4349199514487165	-0.7403893887328774	5.403295693064084	2.0539642802959603	3.9375218448287583	30	Del	del_chr_22q_XBP1
del_chr_4p_NSD2	2.8845668881982145	3.0343402650389026	0.9577925672268999	1.1046828453703803	5.120261260822436	2.601818867002943	3.4209243325780174	19	Del	del_chr_4p_NSD2
del_chr_8p	3.0019862579597563	3.200478487499272	1.1935469157889946	1.6550909527469915	6.603283871207792	2.405219640887884	3.713575455444906	28	Del	del_chr_8p
del_chr_1p_CDKN2C	3.2363275694344646	3.339089304108674	0.9309884003255208	1.5327214347245173	5.6300048010907515	2.668312898456004	3.847127058541858	30	Del	del_chr_1p_CDKN2C
amp_chr_18q	3.310237744670079	3.260111497473394	1.1001381931208214	0.2821939686181273	5.218603875817183	2.5829684279272263	3.6866528025429113	30	Amp	amp_chr_18q
amp_chr_17q	3.510043303586991	3.601749214439097	1.630648815646478	-2.059748653814848	6.849763659546511	2.788979595266575	4.601655749557949	30	Amp	amp_chr_17q
amp_chr_18p	3.8043370938029257	4.05523657278076	1.147150883809965	2.1866382808345763	6.321107256325366	3.185505145248562	5.1934025451395875	30	Amp	amp_chr_18p
amp_chr_4q	3.8777477001903655	4.284261938983562	2.13193083574292	0.7087333526666575	9.674577372280968	2.880087964960806	5.447858549374168	30	Amp	amp_chr_4q
amp_chr_2q	3.9015804017218936	3.929133738811375	0.5244335652222053	3.0837984117566273	5.271948159510777	3.619500012206312	4.105052770393757	17	Amp	amp_chr_2q
amp_chr_2p	3.9239838714805466	3.692417936924707	1.4252628390789792	0.1580105282291784	6.185660742407272	3.2433756667923856	4.614442148687825	23	Amp	amp_chr_2p
amp_chr_9p	3.9430644888193336	4.097578358209164	2.462983564727658	0.2694680345582504	9.14499920266888	1.9613038619514302	6.147310402362672	25	Amp	amp_chr_9p
amp_chr_11q	3.9803334163910415	4.70005469033603	1.4847635300565032	2.851985212630482	7.514184107992824	3.668244059031675	6.1190903167711745	18	Amp	amp_chr_11q
amp_chr_6q	3.9821832098534222	4.4325170979554676	2.253564871242063	0.9873742145784372	9.722609137830572	3.008726235271381	5.372291354558649	30	Amp	amp_chr_6q
del_chr_20p	3.9903481413286324	4.18363355646941	1.612817663931317	1.0417026393371307	7.936029150148007	3.1103053540753236	5.203046046898923	30	Del	del_chr_20p
del_chr_10q	3.9995177159035427	4.297402028794551	3.4969776554916367	-1.0581814999282682	12.413874598633718	2.5913216777103982	5.7908160022789605	26	Del	del_chr_10q
amp_chr_1q_MCL1	4.0498353882118	4.23988269531762	1.0895667072973747	2.3348891771505857	7.067834538483276	3.7251777922793856	4.705336094731589	30	Amp	amp_chr_1q_MCL1
del_chr_7p	4.282228691011257	4.775047049729744	1.838300696439136	1.623016205637432	9.19095316191589	3.38738637627445	5.946396587058108	30	Del	del_chr_7p
del_chr_1p_TENT5C	4.335722993787657	4.2349323894573425	1.361400850123749	1.8399759423757358	6.577399534490115	3.18014541099613	5.084700894927215	30	Del	del_chr_1p_TENT5C
amp_chr_8q_MYC_amp	4.509258366326533	4.607951197369851	1.8025058938228111	1.0505263616121747	9.222867732829197	3.500573859176651	5.263848303279482	30	Amp	amp_chr_8q_MYC_amp
del_chr_20q	4.628181863009097	4.796587333891489	1.100891000052686	3.251373056001535	7.393438575835946	4.051875841363467	5.30124066097682	30	Del	del_chr_20q
del_chr_17p	5.0092757053482195	5.3372632447965955	1.116134469652327	3.5740744988782773	8.005311813252664	4.64635965760382	5.8476059443683095	29	Del	del_chr_17p
amp_chr_3q_TERC	5.0307713536862035	5.160095745604548	1.1477497655468627	3.3024805182984243	7.756293875863425	4.454053677010983	5.797021326447892	18	Amp	amp_chr_3q_TERC
amp_chr_20p	5.102698930175441	5.26508944889982	0.8156585799008786	4.082579591452699	7.153718674570461	4.787934994291129	5.466177809397118	20	Amp	amp_chr_20p
amp_chr_17p	5.108459583012715	5.231152698288866	0.8614446022417471	3.81267275187956	8.160356879285176	4.617748392557399	5.614352616542508	30	Amp	amp_chr_17p
amp_chr_9q	5.325092734083174	5.743328655176809	1.4030327941599814	3.730758373126132	9.488936321936293	4.847808472047021	6.552313259167231	30	Amp	amp_chr_9q
amp_chr_16p_BCMA	5.59890825173351	6.084189893670444	2.5130704960017427	1.7614977621295942	14.755800119592266	4.9421743040383355	6.544861707800399	30	Amp	amp_chr_16p_BCMA
del_chr_2p	6.160710884603436	6.487411505244898	0.892390523979379	4.897986262929931	8.60644691041359	5.930815651007117	6.928867796977045	21	Del	del_chr_2p
amp_chr_14q	6.412994619784069	6.56580963518819	1.5447243041602916	3.575854672905212	8.908705859966156	5.479384136329692	7.932703403862677	30	Amp	amp_chr_14q
amp_chr_15q	6.458483085628121	6.795696836027521	0.929051417134482	5.175920904487863	9.03324830627411	6.202689055724313	7.13632324847874	21	Amp	amp_chr_15q
amp_chr_12p	6.46972411137318	6.351383235155539	1.0537672134568599	4.437308658643772	8.22472248057169	5.7148596750355996	7.1926718418580275	19	Amp	amp_chr_12p
del_chr_17q	6.539719942208216	6.498378171451225	0.8866363530935207	4.856062533422754	8.578269789071204	5.818137627261765	7.075465682610203	30	Del	del_chr_17q
del_chr_11q_BIRC2	6.546146023733643	7.42900179956622	2.1526006133493247	4.852171468269997	12.582174179444017	5.960082805073066	8.049268102505879	30	Del	del_chr_11q_BIRC2
del_chr_3q_BCL6	6.586581702571921	6.731326210802871	1.22193862346473	4.386153822706274	9.394805639274106	5.831951626067062	7.556437743034531	28	Del	del_chr_3q_BCL6
del_chr_2q_SP140	6.802521803153304	7.052283469862362	1.3894793687452038	5.039332551595046	10.338240717669722	6.177397277838875	7.476681735944063	18	Del	del_chr_2q_SP140
del_chr_4q	7.018039774811493	7.045081344367903	0.6868124526779015	6.123163408813015	8.322154811920626	6.5164372516628255	7.496767761078168	19	Del	del_chr_4q
amp_chr_11p	7.3550083180432715	7.374136560168797	1.1007413277735958	5.567416426929712	9.859256807228086	6.637947178993732	7.827827625594272	24	Amp	amp_chr_11p
amp_chr_16q	7.506494246180582	8.284030246896043	2.2084380659962113	5.329998868640414	14.745570053361764	6.648844255292189	10.001806120108998	30	Amp	amp_chr_16q
amp_chr_20q	7.785541244220559	8.20321778705433	1.1295298490409522	6.466984513325309	11.102343356314242	7.4718679841168	9.098611786881312	20	Amp	amp_chr_20q
del_chr_5p	8.059222126966093	8.452418663767068	1.5393079881677412	5.9826322320450345	12.319417253154219	7.629081678877389	9.705116247225105	20	Del	del_chr_5p
del_chr_9p	8.108722060358119	8.524177171012472	1.5677555534242513	6.001194444717621	12.413874598633722	7.6570957724342215	9.7457245700844	20	Del	del_chr_9p
amp_chr_10q	8.125586388374739	7.841604621438161	1.0562980681327132	5.804181137775029	10.125334388741154	7.01288684540618	8.50503097510602	24	Amp	amp_chr_10q
amp_chr_12q	8.347661177140616	8.533392342737013	0.5953375153646678	7.73061654349505	10.025899539257232	8.112564315929893	8.765920357110753	17	Amp	amp_chr_12q
amp_chr_1p	8.391406041375367	8.452917066189846	0.887514731051096	5.979504827502857	10.070354551267057	8.071415171433536	8.915989938393002	27	Amp	amp_chr_1p
amp_chr_10p	8.398637289704322	8.433976877109883	1.1709636730527129	5.804181137775031	10.535584879382787	7.7471092094327325	9.136991711201805	30	Amp	amp_chr_10p
del_chr_15q	8.417341026424737	8.362938131450129	1.270335723455277	6.026972754667303	10.461731975109162	7.478418647903787	9.09452286344143	27	Del	del_chr_15q
amp_chr_22q	8.506335984072262	8.528817438351629	0.7185446243555186	6.509409300203674	10.02589953925723	8.09435888287045	8.971638255352767	26	Amp	amp_chr_22q
del_chr_19p	8.679575152712811	8.753800068738196	1.299857713163546	5.227088430251875	11.181379596274837	7.931878614447225	9.86015204310886	30	Del	del_chr_19p
del_chr_19q	9.16536164785569	9.420659502666501	1.0025200012350066	7.734613124288526	11.98542837756169	8.870406646948638	9.987967926282675	30	Del	del_chr_19q
del_chr_3p	9.331174801469013	9.518447491881615	1.509106117300974	6.469037094545308	14.755956369063343	8.944885941773274	9.771881873816914	25	Del	del_chr_3p
del_chr_12p	9.647693314741057	9.844935514434862	0.9375182649567794	7.9262127647258795	12.22144901455162	9.345866566998083	10.213914420693406	30	Del	del_chr_12p
del_chr_12q	10.45310872724905	10.710594316332806	0.9404621133928293	9.304850043852174	12.649240583755425	10.211099441151973	11.393573827342603	30	Del	del_chr_12q
del_chr_18q	10.523014786411098	10.921449686865387	1.313717248998444	8.823572693391824	14.553649548474027	10.149510816952226	11.615687069169914	21	Del	del_chr_18q
del_chr_18p	10.5230147864111	10.921449686865385	1.3137172489984414	8.823572693391824	14.553649548474022	10.14951081695222	11.615687069169914	21	Del	del_chr_18p
del_chr_11p	10.528235695872137	10.55535358328187	1.102616514263766	8.90589425734116	12.774976988477867	9.527969375138962	11.445589052453004	30	Del	del_chr_11p
amp_chr_13q	3152519739159384.5	3183488547785823	768779001286902.75	3.2188758248682015	3983953516520091	3152519739159384.5	3602879701896433	22	Amp	amp_chr_13q
amp_chr_8p	3152519739159384.5	3183488547785823	768779001286902.75	3.218875824868201	3983953516520091	3152519739159384.5	3602879701896433	22	Amp	amp_chr_8p
