sample	amp_chr_1p_NOTCH2	amp_chr_1q_CKS1B	amp_chr_2p	amp_chr_2q	amp_chr_3p	amp_chr_3q	amp_chr_4p	amp_chr_4q	amp_chr_5p	amp_chr_5q	amp_chr_6p	amp_chr_6q	amp_chr_7p	amp_chr_7q	amp_chr_8p	amp_chr_8q_MYC	amp_chr_8q_MYC_enhancer	amp_chr_9p	amp_chr_9q	amp_chr_10p	amp_chr_10q	amp_chr_11p	amp_chr_11q_CCND1	amp_chr_12p	amp_chr_12q	amp_chr_13q	amp_chr_14q	amp_chr_15q	amp_chr_16p	amp_chr_16q	amp_chr_17p	amp_chr_17q	amp_chr_18p	amp_chr_18q	amp_chr_19p	amp_chr_19q	amp_chr_20p	amp_chr_20q	amp_chr_21p	amp_chr_21q	amp_chr_22q	del_chr_1p_CDKN2C	del_chr_1p_EVI5	del_chr_1p_TENT5C	del_chr_1q	del_chr_2p	del_chr_2q	del_chr_3p	del_chr_3q	del_chr_4p	del_chr_4q	del_chr_5p	del_chr_5q	del_chr_6p	del_chr_6q	del_chr_7p	del_chr_7q	del_chr_8p	del_chr_8q	del_chr_9p	del_chr_9q	del_chr_10p	del_chr_10q_NFKB2	del_chr_11p	del_chr_11q_BIRC2	del_chr_12p	del_chr_12q	del_chr_13q_RB1	del_chr_14q_MAX	del_chr_14q_TRAF3	del_chr_15q	del_chr_16p	del_chr_16q_CYLD	del_chr_17p_TP53	del_chr_17q	del_chr_18p	del_chr_18q	del_chr_19p	del_chr_19q	del_chr_20p	del_chr_20q	del_chr_21p	del_chr_21q	del_chr_22q
SMM-001_pair	0	0	0	0	0	0	0	0	0	0	0	0	0	0	0	0	0	0	0	0	0	0.182	0.182	0.029	0.029	0	0.02	0	0.008	0.008	0.042	0.042	0	0	0.104	0.104	0	0	0	0	0	0.009	0.009	0.009	0.009	0.053	0.053	0.052	0.052	0.102	0.102	0.073	0.073	0.02	0.02	0.043	0.043	0.055	0.055	0.044	0.044	0.042	0.042	0	0	0	0	0.061	0	0	0.041	0	0	0	0	0.035	0.035	0	0	0.024	0.024	0.056	0.056	0.008
SMM-002_pair	0	1	0.011	0	0.001	0.001	0	0	0	0	0.079	0	0.013	0.01	0	0	0	0.16	0.015	0	0	0.028	0	0	0	0	0.024	0.005	0.05	0.05	0	0	0	0	0.042	0.042	0.02	0.02	0.013	0.013	0	0	0	0.008	0	0	0.006	0	0	0.01	0.01	0.008	0.006	0	0.013	0	0	0.007	0.007	0	0	0	0	0	0.006	0.005	0.005	1	0	0	0	0	0	0.59	0.295	0.015	0.015	0	0	0	0	0	0	0.993
SMM-003_pair	0	0	0.013	0.013	0.04	0.04	0.04	0.04	0.04	0.04	0.029	0.024	0	0	0	0	0	0	0	0.023	0.023	0	0	0.037	0.037	0	0	0.003	0	0	0	0	0.073	0.073	0	0	0	0	0.025	0.025	0	0.013	0.013	0.013	0.013	0	0	0	0	0	0	0	0	0	0	0.005	0.005	0.027	0.027	0.02	0.02	0	0	0.017	0.017	0	0	1	1	0.041	0	0.092	0.092	0.061	0.061	0	0	0.072	0.072	0.037	0.037	0	0	0.105
SMM-004_pair	0	0	0.014	0.014	0.99	0.99	0.025	0.025	1	1	0	0	0	0	0.01	0.01	0.01	0.994	0.994	0	0	0.976	0.976	0.017	0.017	0.026	0.023	0.992	0	0	0	0	0.025	0.025	0.935	0.935	0	0	0.026	0.026	0	0.007	0.007	0.007	0.007	0	0	0	0	0	0	0	0	0.004	0.004	0.002	0.002	0	0	0	0	0.007	0.007	0	0	0	0	0	0	0	0	0.036	0.036	0.012	0.012	0	0	0	0	0	0	0	0	0.03
SMM-005_pair	0.586	0.586	0	0	0	0	0	0	0	0	0	0	0	0	0	0	0	0	0	0	0	0	0	0.017	0	0	0.246	0.042	0	0	0	0	0	0	0	0	0	0	0	0	0	0	0	0	0	0.044	0.044	0.357	0.357	0.673	0.673	0.159	0.159	0.563	0.563	1	1	0.584	0.584	0.364	0.671	0.066	0.066	0.723	0.723	0	0.186	0.352	0	0	0	0.561	0.561	0.251	0.251	0	0	0.338	0.338	0.596	0.596	0.41	0.41	0.437
SMM-006_pair	0	0	0.004	0.004	0	0	0.01	0.01	0.006	0.006	0	0.011	0.002	0.002	0.004	0.004	0.004	0	0	0.004	0.004	0	0	0	0.002	0	0.022	0.005	0	0	0	0	0.011	0.011	0	0	0	0	0	0	0	0	0	0	0	0	0	0	0	0	0	0	0	0.006	0	0	0	0	0	0.002	0.002	0	0	0.012	0.012	0.316	0	0.988	0	0	0	0.008	0.008	0.009	0.009	0	0	0.019	0.013	0.001	0.001	0.004	0.004	0.012
SMM-007_pair	0.019	0.977	0.006	0.006	0.01	0.01	0	0.038	0.026	0.026	0	0.013	0.007	0.007	0	0	0	0.02	0.001	0	0	0	0	0.006	0.006	0	0	0.023	0	0	0	0	0.052	0.052	0	0	0	0	0	0	0	0	0	0	0	0	0	0	0	0	0	0	0	0.004	0	0	0	0.002	0.002	0	0	0.005	0.005	0.026	0.009	0	0	0.901	0.976	0.132	0	0.049	0.022	0.055	0.055	0	0	0.058	0.058	0.01	0.01	0.005	0.005	0.042
SMM-008_pair	0.07	0	0.002	0	0	0.104	0	0.498	0.105	0.256	0	0.18	0	0.001	0.267	0.38	0.38	0.244	0	0	0	0.196	0	0.098	0.028	0	0.048	0	0	0	0	0	0.114	0.114	0	0	0.035	0	0	0	0	0	0	0	0	0	0.019	0.061	0	0.065	0	0	0	0.119	0	0.036	0	0	0	0	0.103	0.117	0.117	0	0	0	0	1	0	1	0.246	0.536	0.39	0.741	0.903	0	0	1	0.926	0	0.115	0.147	0.263	0.935
SMM-009_pair	0	0	0.426	0.051	0.971	1	1	1	1	1	0.044	0.898	0.287	1	1	1	1	0.921	0.483	0	0	1	0	0.812	0.857	1	0.794	0.488	0.536	0	0.324	0	1	1	0	0	0.918	0.776	0	0	0	0.4	0.4	0.4	0	0	0	0	0	0	0	0	0	0	0	0	0	0	0	0	0	0.001	0.001	0	0	0	0	0	0	0	0	0	0.999	1	1	0	0	1	1	0	0	0.052	0.161	0.949
SMM-010_pair	0	1	0.275	0.275	0.159	0.159	1	1	0.576	0.576	0	0	0	0	0	0	0	0	0	0	0	0	0	0	0	0	0	0.156	0	0	0	0	0.608	0.608	0	0	0	0	0.431	0.431	0	0.593	0.593	0.593	0	0	0	0	0	0	0	0	0	0.554	0.554	0.651	0.651	0.185	0.185	0.725	0.725	0	0	1	1	0.196	0.196	1	0.387	0.387	0	1	1	1	1	0	0	1	1	0.347	0.347	0	0	1
SMM-011_pair	0.002	1	0	0	0.001	0.001	0.031	0.031	0.001	0.007	0	0	0.007	0.007	0	0	0	0	0	0.015	0.015	0	0	0	0	0.019	0	0	0	0	0	0	0.064	0.064	0.9	0.9	0	0	0	0	0	0.023	0	0	0	0.001	0.001	0	0	0	0	0	0	0.003	0.128	0	0	0.005	0.005	0.016	0.016	0	0	0.044	0.044	0.023	0.023	0	0	0	0.003	0.069	0.069	0.057	0.057	0	0	0	0	0.045	0.045	0.01	0.01	0.039
SMM-012_pair	0.031	0.031	0.014	0.014	0.02	0.02	0.008	0.008	0.024	0.024	0.014	0	0	0	0	0	0	0	0	0.004	0.004	0	0.977	0.015	0.015	0	0	0.011	0	0	0	0	0.023	0.023	0	0	0	0	0	0	0	0	0	0	0	0	0	0	0	0	0	0	0	0	0.026	0	0	0.012	0.012	0.014	0.014	0	0	0.034	0	0	0	0.061	0.006	0.006	0	0.101	0.101	0.03	0.03	0	0	0.037	0.029	0.003	0.003	0.001	0.001	0.027
SMM-013_pair	0	0	0.055	0.055	0.066	0.066	0.086	0.086	0.134	0.134	0.062	0.062	1	1	0	0	0	0	0	0	0	0.945	0.985	0.009	0.009	0	0	0.073	0	0	0	0	0.101	0.101	0	0	0	0	0	0	0	0.014	0.014	0.014	0	0	0	0	0	0	0	0	0	0	0	0	0	1	1	0.063	0.063	0.002	0.002	0	0	0	0	0.998	0	0	0	0.224	0.224	0.183	0.183	0	0	0.256	0.266	0.052	0.052	0.037	0.037	0.127
SMM-015_pair	0	0	0	0	0	0	0	0	0	0	0	0	0.008	0.004	0	0	0	0.047	0.047	0	0	0	0	0.013	0.013	0	0.001	0	0	0	0	0	0	0	0.002	0.002	0.012	0.012	0	0	0	0.028	0.028	0.028	0.028	0.009	0.009	0.019	0.019	0.017	0.017	0.002	0.002	0.034	0.02	0	0	0.036	0.036	0	0	0.009	0.009	0	0	0	0	0.063	0	0	0.028	0.02	0.02	0.009	0.009	0.052	0.052	0	0	0	0	0.044	0.044	0.004
SMM-016_pair	0	0	0	0.146	0.366	0.236	0.139	0.292	0.362	0.396	0	0.166	0.026	0.237	0.387	0.385	0.385	0.555	0.238	0.044	0.161	0.592	0.465	0	0.106	0.195	0.015	0	0.393	0	0	0	0.017	0.017	0	0	0.592	0.545	0	0	0	0.163	0.163	0.163	0	0.221	0	0	0	0	0	0	0	0.41	0	0	0	0	0	0	0	0	1	0	0	0.63	0	0	0	0	0.017	0	0.852	1	1	0	0	1	0.675	0	0	0.067	0.13	0.077
SMM-017_pair	0	0	0	0	0.026	0.026	0.01	0.01	0.043	0.043	0.006	0.006	0	0	0	0	0	0	0	0	0	0	0	0.001	0.001	0	0	0.013	0	0	0	0	0.018	0.018	0	0	0.018	0.018	0.034	0.034	0	0.012	0.012	0.012	0.012	0	0	0	0	0	0	0	0	0	0	0.004	0.004	0.005	0.005	0	0	0.022	0.022	0.012	0.012	0	0	0.966	0.023	0.023	0	0.049	0.049	0.045	0.045	0	0	0.063	0.063	0	0	0	0	1
SMM-018_pair	0	0.007	0.007	0.017	0.014	0.014	0	0	0.011	0.011	0	0	0.026	0.026	0	0	0	0.003	0.003	0	0	0.006	0.006	0	0	0	0	0.007	0	0	0	0	0	0	0	0	0	0.007	0	0.68	0	1	1	1	0.708	0	0	0	0	1	1	0	0	0	0	0	0	0.004	0.004	0	0	0	0	0	0	0.024	0.024	1	1	1	0	1	1	0	0	0.005	0.124	0.003	0.003	0.383	0	0.006	0	1
SMM-019_pair	0	0	0.01	0	1	1	0.026	0.026	1	1	0	0.02	0.001	0.001	0	0	0	0.987	0.987	0.003	0.003	0	1	0	0	0.002	0.011	1	0	0	0	0	0.028	0.028	0.931	0.935	0	0	1	1	0	0	0	0	0	0	0.116	0	0	0	0	0	0	0.012	0	0	0	0.021	0.021	0	0	0	0	0.012	0	0	0	0	0	0	0	0.027	0.027	0.023	0.023	0	0	0	0	0.012	0.012	0	0	0.034
SMM-020_pair	0.087	0.087	0.038	0.038	0.03	0.03	0	0	0.005	0.005	0	0.026	0.011	0.011	0.007	0.007	0.007	0.041	0.041	0	0	0.054	0.054	0.063	0.063	0	0.015	0.017	0.091	0.091	0.093	0.093	0	0	0.118	0.118	0.029	0.029	0	0	0.072	0	0	0	0	0	0	0	0	0.014	0.014	0	0	0.012	0	0	0	0	0	0	0	0	0	0	0	0	0	0.038	0	0	0	0	0	0	0	0.032	0.032	0	0	0	0	0.003	0.003	0
SMM-021_pair	0.881	0.881	0.165	0.165	0.296	0.296	0.352	0.352	0	0	0.695	0.551	0.472	0.472	0.11	0.11	0.11	0.356	0.356	0	0	0.627	0.607	0.657	0.657	0	0.63	0.061	0.813	0.813	1	1	0	0	1	1	1	1	0	0	0.681	0	0	0	0	0	0	0	0	0	0	0.051	0.051	0	0	0	0	0	0	0	0	0	0	0	0	0	0	1	0	0	0	0	0	0	0	0.137	0.137	0	0	0	0	1	1	0
SMM-022_pair	0.013	0.013	0.002	0.002	1	1	0.117	0.117	0	0	0	0	0	0	0.135	0.135	0.135	1	1	0	0	1	1	0	0	0	0	0.005	0	0	0	0	0	0	1	1	0.098	0.098	0.037	0.037	0	0	0	0	0	0	0	0	0	0	0	0.012	0.012	0	0.046	0.032	0.032	0	0	0	0	0.037	0.037	0	0	0	0	0.12	0.038	0.038	0	0.016	0.016	0.002	0.002	0.027	0.027	0	0	0	0	0	0	0.027
SMM-023_pair	0.001	0.001	0.008	0.008	0.007	0.007	0.057	0.057	0	0.024	0.031	0	0	0	0	0	0	0	0	0	0	0.017	0.017	0.018	0.018	0	0.07	0.01	0	0	0	0	0.012	0.012	0	0	0	0	0	0	0	0	0	0	0	0	0	0	0	0	0	0.034	0	0	0.423	0.013	0.003	0.026	0.026	0.035	0.035	0.01	0.01	0	0	0	0	1	0	0	0	0.037	0.037	0.014	0.007	0	0	0.033	0.033	0.001	0.001	0.038	0.038	0.038
SMM-024_pair	0.076	0.076	0.033	0.033	1	1	0	0	1	1	0.04	0.03	0	0	0.02	0.02	0.02	0.989	0.955	0.837	0.837	1	1	0.012	0	0	0.031	1	0	0	0	0	0.038	0.038	1	1	1	1	0.85	0.85	0	0	0	0	0	0	0	0	0	0	0	0	0	0	0	0.033	0.033	0	0.011	0	0	0	0	0	0	0	0.002	0.026	0	0	0	0.148	0.054	0.139	0.139	0	0	0	0	0	0	0	0	0.119
SMM-025_pair	0.006	0.006	0.003	0.003	0.003	0.003	0	0	1	1	0	0	0.996	0.996	0	0	0	0.989	1	0	0	0.001	0	0	0	0	0.038	1	0.022	0	0.058	0.03	0	0	1	1	0.003	0	0.981	0.981	0.015	0	0	0	0	0	0	0	0	0.011	0.011	0	0	0.002	0.002	0	0	0.015	0.015	0	0	0.011	0.011	0	0.016	0	0	0.026	0	0	0	0	0	0	0	0.014	0.014	0	0	0	0.715	0	0	0
SMM-026_pair	0.021	0.021	0.013	0	0.002	0.288	0	0	0.087	0.087	0.053	0	0	0	0	0	0	0.914	0.912	0	0	0	0	0.004	0.004	0	0	0.053	0	0	0	0	0.014	0	0.481	1	0	0	0	0	0	0	0	0	0	0	0.064	0	0	0.28	0.691	0	0	0	0.445	0	0.041	0.005	0.005	0	0	0.829	0.653	0.012	0.012	0	0	0.287	1	1	0	0.054	0.054	1	0.036	0	0.184	0	0	0.998	0.019	0	0	0.22
SMM-027_pair	0.218	0.218	0.017	0.017	1	1	1	1	0	0.118	1	1	1	1	0	0	0	1	1	0	0	1	1	0	0	0	0	1	0	0	1	1	0	0	1	1	0.162	0.162	1	1	0.32	0	0	0	0	0	0	0	0	0	0	0.357	0	0	0	0	0	0.01	0.01	0	0	0.15	0.15	0	0	0.022	0.022	0.122	0	0	0	0.142	0.142	0	0	0	0	0	0	0	0	0	0	0
SMM-028_pair	0	0.016	0	0	0.001	0.001	0.957	0.957	1	1	0	0	0.018	0.014	0.01	0.01	0.01	1	1	0	0	1	1	0	0.012	0	0.01	1	0	0	0.015	0	0	0	0.985	0.985	0.284	0.42	0	0	0.004	0.041	0.801	0.335	0	0	0	0	0	0	0	0	0	0.004	0.622	0	0	0	0	0	0	0.002	0.002	0	0	0.347	0	0.999	0	0	0	0.008	0.008	0	0.198	0	0	0	0	0	0	0	0	0
SMM-029_pair	0	0	0	0	0	0	0	0	0	0	0	0	0	0	0	0	0	0	0	0	0	0	0	0	0	0	0.034	0	0.272	0.272	0.589	0.589	0	0	0.222	0.187	0	0	0	0	0.646	0.009	0.009	0.009	0.009	0.694	0.694	0.418	0.418	1	1	0.962	0.962	1	1	0.919	0.931	1	1	0.787	0.787	1	1	0.478	0.478	0.094	0.094	1	0	0	0.135	0	0	0	0	1	1	0	0	0	0	0.358	0.358	0
SMM-030_pair	0.048	1	0.001	0.001	0	0	0.014	0.014	0.007	0.007	0.991	0.057	0.022	0.012	0.01	0.01	0.01	0.99	0.99	0.004	0	0	0	0.002	0.002	0	0.006	0	0	0	0	0	0	0	0.65	0.65	0.989	0.989	0	0	0	0	0	0	0	0	0	0.001	0.001	0	0	0	0	0	0	0	0	0	0	0	0	0	0.006	0.004	0.004	0	0	0.066	0	0	0.001	0.012	0.012	0.003	0.003	0.003	0.003	0	0	0	0	0.011	0.011	0.032
SMM-031_pair	0.003	0.003	0	0	0	0	0.006	0.006	0	0	0.064	0.01	1	1	0.001	0.001	0.001	1	1	0.001	0.001	0	0	0.011	0.011	0	0.005	1	0	0	0.011	0.011	0	0	0.982	0.982	0	0.009	0	0	0	0	0	0	0	0.001	0.001	0.002	0.002	0	0	0.01	0.01	0	0	0	0	0	0	0	0	0	0	0.015	0.015	0	0	1	0	0	0	0.012	0.012	0	0	0.003	0.003	0	0	0.036	0	0.015	0.015	0.007
SMM-032_pair	0.005	0.307	0	0	0	0	0.002	0.002	0	0	0	0	0.004	0	0	0	0	0.009	0.009	0	0	0.002	0.002	0	0	0	0	0	0	0	0.018	0.018	0.005	0.005	0.017	0.017	0	0	0.008	0.008	0.012	0	0	0	0	0.022	0.022	0.005	0.005	0	0	0.008	0.008	0.005	0.005	0	0	0.2	0.004	0	0	0.004	0.004	0	0	0.024	0.024	0.802	0.607	0.607	0.004	0.052	1	0	0	0	0	0	0	0.004	0.004	0	0	0
SMM-033_pair	0.131	0.131	0	0	0	0	0	0	0	0	0	0	0	0	0	0	0	0	0	0	0	0	0	0	0	0	0	0	0	0	0.01	0.01	0	0	0.61	0.61	0	0	0	0	0	0	0	0	0	0.312	0.888	0.186	0.186	0.945	0.945	0.783	0.783	0.304	0.304	0.553	0.731	1	1	0.643	0.643	0.74	0.74	0.499	0.499	0.325	0.147	1	0.018	0.018	0.032	0.599	0.599	0	0	1	1	0	0	0.01	0.01	0.879	0.879	0.111
SMM-034_pair	0	0	0	0	0.005	0.005	0.001	0.001	1	1	0	0	0.991	0.991	0	0	0	0.99	0.99	0.001	0.001	1	0.991	0	0	0.009	0.004	1	0	0	0	0	0.018	0.018	0.971	0.971	0	0	0.012	0.012	0	0	0	0	0	0.003	0.003	0	0	0	0	0	0	0.009	0.006	0	0	0.011	0.047	0	0	0	0	0	0	0.004	0.004	0	0	0	0	0.049	0.049	0.007	0.007	0	0	0	0	0.004	0.004	0	0	0.01
SMM-035_pair	0.014	0.014	0	0	0	0	0	0	0	0	0	0	0	0	0	0	0	0.061	0.061	0	0	0.077	0.057	0	0	0	0	0	0	0	0.03	0.03	0.002	0.002	0.164	0.164	0	0	0	0	0	0	0	0	0	0.101	0.101	0.102	0.102	0.003	0.003	0.088	0.088	0.07	0.116	0.006	0.006	0.103	0.103	0	0	0.074	0.074	0	0	0.027	0.027	0.804	0.002	0.002	0.027	0.267	1	0	0	0	0	0	0	0.021	0.021	0.008	0.008	0.084
SMM-036_pair	0	1	0.007	0.002	0.002	0.002	0.019	0.019	0.008	0.008	0	0	0	0	0	1	1	0	1	0.001	0.001	0	0	0	0	0.01	0	0.004	0	0	0	0	0.013	0.013	0.938	0.938	0	0	0	0	0	1	1	0.011	0	0	0	0	0	0	0	0	0	0.012	1	0.009	0.009	0.548	0	0.879	0	0	0	0.034	0.034	0.001	0.001	0	0	0	0	0.059	0.059	0.043	0.043	0	0	0	0	1	0.454	0.018	0.018	0.064
SMM-037_pair	0.195	0.195	0.08	0	0	0	0.194	0.194	0.088	0.088	0.252	0.252	0	0	0.404	0.404	0.404	0	0	0	0	0.836	0	0.008	0.008	0.33	0	0	0	0	0	0	0.266	0.266	0	0	0.006	0.006	0	0	0	0	0	0	0	0	0.26	0.006	0.006	0	0	0	0	0	0	0.535	0.535	0	0	0.215	0.334	0.401	0.401	0	1	0	0	0	0.131	0.131	0.135	0.997	0.935	1	1	0	0	1	1	0	0	1	1	1
SMM-038_pair	0.024	0.024	0	0	0	0	0	0	0	0	0	0	0.034	0.031	0	0	0	0	0	0.004	0.004	0.047	0.047	0.027	0.027	0	0.043	0	0.049	0.049	0.034	0.109	0	0	0.148	0.148	0.004	0.004	0	0	0.012	0	0	0	0	0.012	0.012	0.024	0.024	0.077	0.075	0.03	0.03	0.006	0.006	0	0	0.046	0.046	0.005	0.005	0	0	0	0	0	0	0.071	0	0	0.02	0	0	0	0	0.098	0.098	0	0	0	0	0	0	0
SMM-039_pair	0.085	0.085	0	0	0.023	0.023	0	0	0.038	0.038	0.012	0.012	0.008	0.008	0.046	0.046	0.046	0.01	0	0	0	0	0.041	0.024	0.024	0	0.031	0.017	0.006	0.057	0	0	0	0	0	0	0.117	0.069	0	0	0	0	0	0	0	0.002	0.013	0	0	0	0	0	0	0	0	0	0	0	0	0	0.015	0.018	0.018	0.065	0	0	0	0.151	0	0	0	0	0	0.027	0.054	0.048	0.048	0.056	0.033	0	0	0.097	0.097	0.075
SMM-040_pair	0.054	0.054	0.001	0	1	1	0	0	1	1	0.099	0	1	1	0.004	0.004	0.004	1	1	0.062	0.062	1	1	0.093	0.093	0	0.087	1	0	0	1	1	0	0	1	1	0	0	1	1	0	0	0	0	0	0	0.028	0	0	0.092	0.092	0	0	0	0.042	0	0	0	0	0	0	0	0	0	0	0	0	0.176	0	0	0	0	0	0	0	0.042	0.042	0	0	0.066	0.066	0	0	0.092
SMM-041_pair	0	1	0	0	0	0	0	0	0	0	0.098	0	0.014	0.179	0	0	0	0	0	0	0	0	0	0.009	0.011	0	0	0.005	0.033	0	0.027	0.027	0	0	0.042	0.042	0	0	0.013	0.013	0.009	0	1	0.008	0	0.009	0.009	0.004	0.004	1	0.002	0.021	0.01	0	0.249	0	0	0	0	0.005	0.004	1	0	0.001	0.001	0	0	1	0.008	0.008	0	0	1	0	0	0.004	0.004	0	0	1	1	0	0	0
SMM-042_pair	0.047	0.047	0	0	0	0	0	0	0	0	0.131	0.131	0.177	0.177	0	0	0	0	0	0.081	0	0.304	0.304	0.071	0.071	0	0.578	0.578	0.064	0.064	0.32	0.32	0	0	0.999	0.999	0	0	0	0	0	0	0	0	0	0.01	0.01	0.058	0.058	0.393	0.393	0.004	0.004	0	0	0	0	0.17	0.17	0.073	0.073	0	0	0	0	0	0	0.385	0	0	0	0	0	0	0	0.256	0.256	0	0	0.07	0.07	0.389	0.389	0.007
SMM-043_pair	0.084	0	0	0.109	1	1	0.036	0.194	1	1	0.12	0	0	0.149	0.013	0.104	0.104	1	0.933	0	0	1	1	0.087	0.026	0.017	1	0.904	0	0	0	0	0	0	0.62	0.84	0	0	0.152	0	0	0	0	0	0	0.009	0	0	0	0	0	0	0	0	0.39	0.342	0	0	0	0	0	0.071	0.071	0	0	0	0	0	0	0	0	0.077	0.087	1	0.241	0	0	0	0	0.061	0.011	0	0.025	0.249
SMM-045_pair	0	0	0	0	1	1	0	0	0.998	0.998	0.997	0.636	0.542	0	0.217	0.217	0.217	1	1	0	0	1	1	0	0	0	0.007	1	0	0	0.007	0.007	0	0	1	1	0	0.042	0	0	0	0	0	0.012	0.012	0	0	0	0	0.006	0.006	0	0	0	0	0	0.01	0	0	0	0	0.013	0.013	0	0	0.002	0.002	0.02	0	0	0	0.004	0.004	0	0	0.01	0.01	0	0	0.02	0	0	0	0.002
SMM-046_pair	0	0	0.4	0.4	0.295	0.295	0.428	0.428	0.307	0.307	0	0	0.144	0.124	0	0	0	0.36	0.25	0	0	0	0	0	0	0	0	0.612	0	0	0	0	0.56	0.56	0	0	0	0	0	0	0	0.002	0.002	0.002	0	0	0	0	0	0	0	0	0	0.231	0.231	0	0	0.389	0.397	0	0	0.227	0.227	0	0	0.139	0.139	0.503	0.033	0.033	0	1	0.417	0.476	0.476	0	0	0.996	0.996	0.182	0.182	1	1	0.907
SMM-047_pair	0	0.087	0.027	0.027	0.031	1	0.06	0.06	1	1	0.049	0.049	1	1	0	0	0	1	1	0	0	1	1	0	0	0	0.024	1	0	0	0	0	0.079	0.079	1	1	0.004	0	0	0	0	0.007	1	1	0	0	0	0	0	0	0	0	0	0	0	0	0	0.008	0.042	0	0	0.01	0.01	0	0	0	0	0.898	0	0	0	0.258	1	0.999	0.141	0	0	0	0	0	0.049	0.145	0.145	0.321
SMM-048_pair	0.165	0.165	0.097	0.097	1	1	0	0	0.148	0.148	0.037	0.037	1	1	0	0	0	1	1	0	0	1	1	0.224	0.224	0.001	0	1	0	0	0	0	1	1	1	1	0	0	1	1	0	0	0	0	0	0	0	0	0	0.076	0.076	0	0	0	0	0	0	0.234	0.234	0	0	0	0	0	0	0	0	0	0.087	0.087	0	0.443	0.443	0.366	0.366	0	0	0	0	0.199	0.199	0	0	0.53
SMM-049_pair	0.046	1	0.025	0.025	0.042	0.042	0	0	0.058	0.058	0.046	0.046	0	0	0	0	0	0	0	0	0	0.081	0.004	0.035	0.035	0	0	0.036	0	0	0	0	0.046	0.046	0	0	0.085	0.085	0	0	0	0	0	0	0	0	0	0	0	0.053	0.053	0	0	0	0	0.039	0.039	0.044	0.044	0.041	0.041	0	0	0	0	0	0	1	0.591	0.591	0	0.097	0.097	0.014	0.014	0	0	0.063	0.063	0	0	0.022	0.022	0.076
SMM-050_pair	0	0	0.02	0.02	0	0	0	0	1	1	0.015	0.015	1	1	0	0	0	1	1	0.011	0.011	1	1	0.007	0.007	0.001	0.038	1	0	0	0	0	1	1	0.944	0.944	0.004	0.004	0	0	0	0	0	0	0	0	0	0	0	0	0	0	0	0	0	0	0	0.008	0.008	0	0	0	0	0	0	0	0	0	0	0	0	0.043	0.043	0.027	0.027	0	0	0	0	0	0	0.047	0.047	0.154
SMM-051_pair	0.484	0.006	0.157	0.157	0	0	0	0	0.029	0.029	0.035	0.035	0.416	0.416	0.149	0.149	0.149	0.143	0.143	0	0	0.087	0.087	0	0	0.379	0.003	0	0.366	0.366	0.293	0.293	0	0	1	1	0.421	0.421	0.292	0.292	0.443	0	0	0	0	0	0	0.093	0.093	0.041	0.041	0	0	0	0	0	0	0	0	0	0	0.123	0.123	0	0	0	0	0	0	0	0.09	0	0	0	0	0.288	0.288	0	0	0	0	0	0	0
SMM-052_pair	0.01	0.01	0	0	1	1	1	1	0.123	0.123	1	1	0.985	1	0	0.023	0.023	0.164	0.164	0	0	0	0	0.004	0.004	0	0.005	1	0	0	0.008	0.008	0.137	0.137	1	1	0	0	0	0	0	0	0	0	0	0.009	0.009	0	0	0	0	0	0	0	0	0	0	0.345	0	0	0	0	0	0.008	0.008	0	0	0.281	0	0	0	0.013	0.013	0	0	0	0	0	0	0.02	0.02	0.003	0.003	0.005
SMM-053_pair	0.009	0.009	0.006	0.009	0	0	0.009	0.009	1	1	0	0.002	0	0	0	0	0	0.989	0.989	0	0	1	1	0.011	0.011	0	0.018	1	0	0	0.002	0.002	0.003	0.003	0.961	0.961	0	0	0	0	0	0	0	0	0	0	0	0	0	0	0	0	0	0	0	0.009	0.012	0.009	0.004	0	0	0.012	0.012	0	0	0	0	0.459	0	0	0	0.031	0.031	0	0	0	0	0	0	0.005	0.005	0.009	0.009	0.008
SMM-054_pair	0.024	0.024	0	0	0	0	0	0	0	0	0	0	0.227	0.241	0.114	0.114	0.114	0.099	0.099	0.008	0.008	0.451	0.451	0.124	0.124	0.07	0.19	0.079	0	0	0.041	0.041	0.026	0.026	0	0	0.046	0.046	0.039	0.039	0.022	0	0	0	0	0.017	0.017	0.023	0.023	0.008	0.008	0.014	0.014	0.042	1	0	0	0	0	0	0	0	0	0	0	0	0	0	0	0	0	0.117	0.117	0	0	0	0	0.077	0.077	0	0	0	0	0
SMM-055_pair	0	0	0.01	0.004	1	1	0.02	0.02	0.01	0.021	0	0.011	0	0	0.01	0.01	0.01	0.971	0.971	0	0	0.735	1	0.003	0.003	0.04	0.014	1	0	0	0	0	1	1	0.919	0.919	0	0	0	0	0	0.011	0.011	0.011	0.011	0	0	0	0	0	0	0	0	0.006	0	0.006	0.006	0	0	0	0	0	0	0	0	0	0	0	0	0	0	0.057	0.057	0.032	0.032	0	0	0	0	0.026	0.026	0.014	0.014	0.279
SMM-056_pair	0.021	0.021	0	0	0	0	0	0	0.057	0.057	0	0	0	0	0	0	0	0	0	0	0	0	0	0	0	0	0	0	0	0	0.017	0.03	0	0	0	0	0	0	0	0	0	0	0	0	0	0.031	0.031	0.041	0.041	0.067	0.067	0	0	0.061	0.061	0.079	0.079	0.045	0.045	0.04	0.04	0.018	0.018	0.037	0.037	0	0	0.167	0	1	0.034	0.006	0.006	0	0	0.049	0.049	0.028	0.026	0.009	0.009	0.044	0.044	0.028
SMM-057_pair	0	0.026	0	0	0.02	0.02	0.018	0.018	0.029	0.029	0	0	0	0	0	0	0	0.059	0.999	0	0	0	0	0	0	0	0	0.02	0	0	0	0.023	0.024	0.024	0	0	0	0.012	0	0	0	0	0	1	0	0.044	0.044	0	0	0	0	0	0	0.05	0.05	0.057	0.009	0.018	0.018	0	0	0	0	0.018	0.018	1	0.136	1	0.75	0.029	0	0.017	0.017	0.478	0	0	0	0.103	0.103	1	0	0	0	0.888
SMM-058_pair	0.377	1	1	0.1	1	1	0.527	0.131	1	1	1	0	1	1	0	1	1	1	1	0.046	0	1	1	1	0.246	0.129	0.073	1	0	0	0	0.065	1	1	1	1	0	0	0.978	0.939	0	0	0	0	0	0	0	0	0	0	0	0	0	0	0.538	0	0	0.826	0	0	0	0	0	0	0	0	0	0	0	0	0	0	1	0	0	0	0	0	0	0.037	0.037	0	0	0.004
SMM-060_pair	0.027	1	0.682	0	0.999	0.999	0.008	0.008	1	1	0.026	0.026	0	0	0	0.015	0.015	0.996	0.996	0	0	0	0	0.018	0.018	0	0.013	1	0	0	0.062	0.062	0	0	1	1	0	0	1	1	0.045	0	0	0	0	0	0.002	0	0	0	0	0	0	0	0	0.006	0.006	1	0	0	0	0.01	0.01	0	0	0	0	0.02	0	0	0	0.001	0.001	0	0	0.049	0.049	0	0	0	0	0	0	0
SMM-062_pair	0	0.013	0.007	0.017	0.99	0.99	0.017	0.037	0	0.041	0.017	0.017	0.007	0.007	0	0	0	0.025	1	0	0	0	0	0.018	0.018	0	0	0.022	0	0	0.019	0.019	0	0	0	0	0	0	0	0	0	0.006	0.932	0.932	0	0	0	0	0	0	0	0.028	0	0	0	0	0	0.978	0.945	0	0	0.003	0.003	0.01	0.01	0	0	1	1	1	0	0.008	0.008	0	0	0.005	0.005	0.003	0.003	0.012	0.012	0	0	0
SMM-064_pair	0.087	0	0	0	0	0.104	0	0.949	0.332	0.024	0.027	0.027	0	0.014	0.014	0.024	0.024	0	0	0	0	0	0	0.451	0	0.142	0	0	0	0	0	0	0.077	0.077	0	0	0	0	0	0	0	0	0	0	0.123	0.001	0.001	0.426	0	0.583	0	0	0	0	0	0.105	0	0	0	0.161	0.444	0.358	0.358	0.218	0	0	0.246	0	0.297	0.297	0.244	1	1	0.796	0.997	0	0	1	1	0.764	0.855	0.945	0.945	1
SMM-067_pair	0.009	0.048	0	0	0	0	0	0	0	0	0.014	0	0.02	0.002	0.015	0	0	0	0.001	0	0	0	0.033	0.005	0.015	0	0.006	0.002	0.009	0.003	0	0.01	0	0	0.022	0.026	0	0.002	0	0	0.009	0	0	0	0.006	0	0.003	0.002	0	0.007	0.009	0.014	0.001	0	0.012	0	0	0	0	0.017	0	0	0.004	0	0.004	0	0	0.025	0.002	0.002	0	0	0	0.02	0	0.036	0.027	0	0	0.001	0	0.043	0.014	0
SMM-069_pair	0	1	0	0	0	0	0	0	0	0	0	0	0.042	0	0.044	0	0	0	0	0	0	0.074	0	0	0	0	0	0	0	0	0	0	0	0	0	0	0.097	0.047	0	0	0.013	0.039	0.21	0.21	0	0.133	0.093	0.042	0.018	0.097	0.048	0.117	0.117	0.031	0.129	0	0.191	0	0.103	0.022	0.108	0.051	0.046	0	0.05	0.004	0	0.132	0.15	0.094	0.084	0.111	0.245	0.34	0.201	0.243	0.185	0.175	0.178	0	0	0.296	0.095	0
SMM-070_pair	0.002	0.001	0	0	0.004	0.004	0.009	0.005	0	0	0.014	0	0.001	0	0.015	0	0	0.015	0.005	0	0	0	0.008	0.008	0.014	0	0.003	0.001	0	0	0	0	0	0	0	0.002	0.021	0.013	0	0	0	0	0	0	0.009	0.001	0.002	0	0	0	0	0.016	0.001	0	0.012	0	0.001	0	0	0	0	0.002	0	0.001	0	0	0	0.035	0.002	0.008	0	0.004	0	0.023	0.004	0.033	0.017	0.005	0	0	0	0.02	0	0
SMM-071_pair	0.117	0.117	0.006	0.006	0	0	0	0	0	0	0	0	0	0	0	0	0	0	0	0.009	0.009	0.01	0.01	0.079	0.079	0	0	0.037	0.064	0.032	0.092	0.092	0	0	0.036	0.036	0.021	0.021	0.055	0.055	0.074	0	0	0	0	0	0	0.017	0.017	0.016	0.016	0.041	0.041	0.007	0.007	0.031	0.031	0.027	0.006	0	0	0	0	0	0	0	0	0.147	0.05	0.05	0	0	0	0	0	0.03	0.03	0	0	0	0	0	0	0
SMM-073_pair	0.01	1	0	0	0.009	0.887	0	0	0	0	0.024	0.024	0.985	0.985	0.003	0.983	0.983	0	0.362	0	0	0.907	0	0.446	0.019	0	0	0.98	0	0	0.025	0.025	0.931	0.768	0.075	0.075	0	0.109	0	0	0.048	0	0	0	0	0.013	0.013	0	0	0.015	0.015	0.004	0.004	0	0	0	0	0	0	0.03	0	0.028	0.028	0	0	0	0	1	0	0	0	0.103	0	0	0	0	0	0	0	0.703	0	0.033	0.033	0
SMM-074_pair	0.051	0.051	0	0	0.98	0.98	0.9	0.893	0.024	0.025	0.03	0	1	1	0	0	0	1	1	0	0	1	1	0	0	0	0.033	0.961	0.172	0	0.041	0.041	0.961	0.961	1	1	0	0	0.038	0.038	0	0	0	0	0	0.039	0.039	0	0	0	0	0	0	0	0.016	0	0	0.066	0.071	0	0	0	0	0	0	0.074	0.083	0.067	0	0	0	0	0.695	0	0	0	0	0	0	0.031	0.033	0	0	0.123
SMM-075_pair	0	0.465	0.009	0	0	0	0.038	0.038	1	1	0.188	0	0.087	0.087	0.017	0.017	0.017	0.975	0.975	0	0	0	0.977	0	0	0	0.041	1	0	0	0	0	0.028	0.028	0.857	0.857	0	0	0.975	0.975	0	0.055	0.988	0.988	0	0	0.175	0	0	0	0	0	0	0	0.438	0	0	0	0	0	0	0.007	0.007	0.041	0	0.095	0.051	0.985	0	0	0	0.015	0.289	0.056	0.056	0	0	0	0	0.061	0.061	0	0	0.092
SMM-076_pair	0	0	0.006	0	0.977	0.076	0.017	0.017	1	1	0.195	0	1	1	0	0	0	1	1	0.011	0.011	0.981	0.981	0	0	0.042	0.018	1	0	0	0	0	0.031	0.031	0.947	0.947	0	0.009	1	1	0	0.018	0.018	0.018	0.018	0	0.004	0	0	0	0	0	0	0	0.043	0	0	0	0	0	0	0	0	0	0	0.027	0.027	0	0	0	0	0.414	0.027	0.038	0.038	0	0	0	0	0.02	0	0	0	0.045
SMM-077_pair	0	0.972	0	0	0.004	0.004	0.006	0.006	0.994	0.994	0	0	0.997	0.997	0.003	0.003	0.003	0.984	0.984	0.005	0.005	0	0	0	0	0	0.003	0.001	0	0.037	0	0	0.035	0.035	0.934	0.934	0	0	0	0.022	0	0.019	0.019	0.019	0	0.007	0.005	0	0	0	0	0	0	0	0	0	0	0	0	0	0	0	0	0.021	0.02	0.022	0.022	0.993	0	0	0	0.05	0	0.03	0.03	0	0	0	0	0.026	0.026	0.003	0	0.044
SMM-079_pair	0.033	0.033	0.017	0.01	0.961	0.961	0	0	0	0	0.06	0.06	0	0	0	0	0	0.881	0.881	0.001	0.037	1	1	0.036	0.036	0	0	0	0	0	0.06	0.06	0.134	0.134	1	1	0	0	0.118	0.118	0	0	0	0	0	0	0	0	0	0.042	0.042	0.014	0.014	0	0	0.04	0.04	0.016	0.016	0	0	0	0	0	0	0	0	0.387	0.197	0	0.005	0.036	0.036	0	0	0	0	0	0	0.001	0.001	0	0	0.04
SMM-080_pair	0.025	1	0.016	0	0.009	0.874	0.031	0.031	0	0	1	0	0	0	0	0.011	0.011	0	0	0	0	0	0	0.012	0.012	0	0	0.015	0	0	0.025	0.025	0.022	0.022	0.016	0.005	0	0	0	0	0	0	0	0	0	0	0.527	0	0	0	0	0.001	0.001	0	0.845	0.001	0.001	0.892	0	0.023	0.046	0.013	0.013	0.023	0.023	0	0	0.979	0.996	0	0	0.025	0.025	0	0	0	0	0	0	0.029	0.029	0	0	0.003
SMM-081_pair	0	0	0.013	0	1	1	0	0	0.717	0.505	0.18	0	0	0	0	0.012	0.012	0.929	0.929	0.006	0.001	1	1	0	0	0.03	0	1	0	0	0.002	0.002	0.002	0.002	1	1	0	0	0.03	0.03	0	0.003	0.775	0.355	0	0	0	0	0	0.012	0.278	0	0	0	0.772	0.018	0.018	0.677	0	0	0	0	1	0	0	0.527	0.008	0	0.041	0.041	0	0.04	0.04	0	0	0	0	0	0	0.011	0.011	0	0	0.015
SMM-082_pair	0	0	0	0	0	0	0.015	0.015	0	0	0	0	0	0	0.004	0.004	0.004	0	0	0	0	0	0	1	1	0.072	0.042	0	0	0	0	0	0.071	0.071	0	0	0	0	0.041	0.041	0	0.064	0.064	0.064	0.064	0.026	0.026	0.026	0.026	0	0	0.012	0.012	0.084	0.054	0.021	0.021	0	0	0.064	0.064	0	0	0.065	0.065	0	0	0	0	0	0.036	0.098	0.098	0.125	0.125	0	0	0.134	0.152	0.072	0.072	0	0	0.17
SMM-083_pair	0	0	0	0.002	0.992	0.992	0.982	0.982	0.975	0.975	0.016	0.016	0.993	0.993	0	0	0	1	1	0	0	0.986	0.986	0	0	0.02	0.005	1	0	0	0.032	0.032	0	0	0.98	0.98	0.003	0.003	1	1	0.01	0.004	0.01	0.01	0.01	0.002	0	0	0	0	0	0	0	0	0	0	0	0.015	0.015	0	0	0.011	0.011	0	0	0.031	0.031	0	0	0	0	0.009	0.009	0	0	0	0	0	0	0	0	0	0	0
SMM-084_pair	0	0.068	0.007	0.031	0	0	0	0	0.948	0.948	0.076	0.037	0.968	0.968	0	0	0	0.98	0.98	0	0	0	0	0.012	0	0	0	1	0	0	0.049	0.079	0	0	1	1	0.006	0.006	0.013	0.013	0.086	0.14	0.14	0.165	0	0	0	0	0	0.04	0.04	0	0	0	0	0	0	0.042	0.042	0	0	0.041	0.041	0.004	0.004	0	0.007	1	0.02	0.02	0	0.228	1	0	0	0.063	0.063	0	0	0	0	0	0	0
SMM-085_pair	0.01	0.01	0.014	0.014	0.002	0.002	0.027	0.027	1	1	0.004	0	0	0.001	0	0	0	0.974	0.974	0.014	0.001	0.972	0.972	0	0	0.035	0	1	0	0	0	0	0.05	0.05	1	1	0	0	0	0	0	0	0	0	0	0	0	0	0	0	0	0	0	0	0.135	0.006	0	0	0	0	0	0	0	0	0	0.037	0.037	0	0.051	0.051	0	0.079	0.079	0.039	0.039	0	0	0	0	0.032	0.032	0.018	0.018	0.071
SMM-086_pair	0	0	0.002	0.002	1	1	1	0.654	0	0	0	0.006	0.003	0.003	0.006	0.006	0.006	0.02	0.976	0.02	0.02	0	0	0	0	0.037	0	0.993	0	0	0	0	0.04	0.04	0.93	0.93	0	0	1	1	0	0.01	0.01	0.01	0.01	0	0	0	0	0	0	0	0	0	0	0	0	0	0	0	0	0	0	0.023	0.023	0.024	0.027	0	0.995	0	0	0.046	0.002	0.015	0.019	0	0	0	0	0.905	0.022	0	0	0.033
SMM-087_pair	0	1	1	1	0.401	1	0.031	0.031	1	0.978	0.994	0.875	0.024	0.427	0	0	0	1	1	0.031	0.031	1	1	0	0	0.054	0	1	0	0	0	0	0.058	0.058	1	1	0	0	0.02	0.02	0	0.003	0.003	0.003	0	0	0	0	0	0	0	0	0	0	0	0	0	0.015	0.015	0	0	0	0	0	0	0.023	0.024	0	0.978	0.009	0	0.03	0.03	0.008	0.008	0	0	0	0	0	0	0	0	0.011
SMM-088_pair	0	0	0.009	0.009	0.006	0.006	0.023	0.023	1	1	0.305	0.287	1	1	0	0	0	0.968	0.968	0.03	0.03	0	0	0	0	0	0.018	1	0	0	0	0	0.027	0.027	0.927	0.906	0	0	0.012	0.012	0	0.006	0.006	0.006	0.006	0	0	0	0	0	0	0	0	0	0	0	0	0.017	0.017	0	0	0	0	0.008	0.008	0.031	0.031	0.987	0	0	0	0.021	0.021	0.015	0.015	0	0	0	0	0.012	0.012	0	0	0.031
SMM-089_pair	0.011	0.011	0	0	0.008	0.562	0	0	0	0	0.005	0	1	1	0	0	0	1	1	0	0	0.003	0.003	0	0	0	0.011	0.987	0.067	0	0.063	0.063	0	0	0.909	0.378	0.009	0.009	0	0.089	0	0	0	0	0	0.022	0.022	0	0	0.022	0.022	0.031	0.031	0	0.004	0	0	1	0.003	0	0	0.008	0.008	0	0	0.028	0.028	1	0	0	0	0	0.951	0	0	0.007	0.007	0	0	0	0	0.003	0	0.718
SMM-090_pair	0	0	0	0	0.004	0.004	0	0	0.883	0.883	0.093	0.093	0	0	0	0	0	0.397	0.397	0	0	0.246	0.246	0	0	0	0	0.986	0	0	0.093	0.093	0.967	0.967	0.99	0.708	0	0	0	0	0	0.236	0.236	0.236	0.236	0	0	0	0	0.043	0.043	0	0	0	0	0.033	0.033	1	1	0	0	0.095	0.095	0	0	0.59	0.59	0.972	1	1	0	0.866	0.866	0	0	0	0	0	0	1	1	0.067	0.067	1
SMM-091_pair	0	0	0.011	0.024	0.008	0.008	0.048	0.048	1	1	0.024	0.024	0.014	0.011	0.016	0.016	0.016	1	1	0	0	0	0	0	0	0	0.005	0	0	0	0.988	0.988	1	1	0.918	0.918	0	0	0	0	0	0.003	0.003	0.003	0.003	0	0	0	0	0	0	0	0	0	0	0	0	0	0	0	0	0	0	0.033	0.033	0.03	0.011	1	0	0	0.019	0.065	0.007	0	0	0	0	0	0	0.042	0.042	0.006	0.006	0.068
SMM-092_pair	0	0.002	0.021	0.002	0.795	0.865	0.03	0.03	1	0.029	0.991	0	0.99	0.99	0.015	0.015	0.015	0	0	0.028	0	0.966	0.966	0	0	0.034	0.008	1	0	0	0	0	0.052	0.052	0	1	0	0	0.31	0.708	0	0.025	0.025	0.025	0	0	0	0	0	0	0	0	0	0	0.81	0	0	0	0	0.028	0.028	0	0.01	0	0	0.021	0.021	0	0	0	0	0.037	1	0.042	0.024	0	0	0.01	0	0.031	0.031	0	0	0.063
SMM-093_pair	0	0.958	1	1	1	1	1	1	1	1	0.029	0.009	0.952	0.917	0	0.001	0.001	1	1	1	1	0.982	0.982	0	0	0	0	1	0.929	0.001	0.004	0	0.023	0.023	1	0.963	0	0.99	1	1	0.907	0	0.17	0.17	0	0	0	0	0	0	0	0	0	0	0	0	0	0.218	0	0	0	0	0	0	0	0.006	0.006	0	0.835	0.004	0	0	0	0	0	0	0	0	0	0.286	0	0	0	0
Tumor_Only_001_pair	0.051	0.051	0	0	0	0	0	0	0	0	0	0	0	0.003	0	0	0	0.041	0.041	0	0	0.128	0.128	0	0	0	0.002	0	0.033	0.033	0.056	0.056	0	0	0.098	0.098	0.048	0.048	0	0	0.104	0	0	0	0	0.012	0.012	0.002	0.002	0.019	0.019	0.03	0.03	0.035	0.017	0.007	0	0.97	0.97	0	0	0.985	0.985	0	0	0	0	1	0	0	0.004	0	0	0	0	0.023	0.023	0	0	0	0	0.016	0.016	0
Tumor_Only_002_pair	0.128	0.167	0	0	0.002	0.002	0.805	0.805	0.95	0.95	0	0	0.046	0.046	0	0	0	1	1	0	0	1	1	0	0.007	0	0.069	1	0.248	0.248	0.205	0.205	1	1	1	1	0.144	0.144	0.05	0.05	0	0	0	0	0	0.029	0.029	0	0	0	0	0	0	0.037	0.037	0	0	0.022	0.022	0	0	0.015	0.01	0	0	0.008	0	1	0	0	0	0	0	0	0	0	0	0	0	0	0	0	0	0.681
Tumor_Only_004_pair	0.005	0.005	0	0	0.001	0.001	0.012	0.012	0.014	0.014	0	0	0.028	0.028	0.002	0.002	0.002	0.026	0.228	0	0	0.009	0.009	0	0	0	0	0	0	0	0	0	0.018	0.018	0	0	0.011	0	0	0	0	0	0	0	0	0.014	0.014	0	0	0	0	0	0	0.033	0.026	0	0	0	0	0	0	0.01	0.003	0	0	0.018	0.018	1	0.979	0	0.007	0.012	0.012	0.012	0.012	0	0	0.001	0.001	0	0.005	0.006	0.006	1
Tumor_Only_005_pair	0	0	0	0	0.057	0.057	0.07	0.07	0	0	0	0	0.454	0.454	0.436	0	0	0.681	0.681	0	0.529	0.154	0.154	0	0	0.87	0	0	0.099	0.099	0	0	0.655	0.655	0	0	0.257	0.257	0.079	0.079	0	0.154	0.154	0.154	0.154	0	0	0	0	0	0	0.41	0.41	0.078	0.078	0	0	0	0.105	0	0	0.571	0	0	0	0.528	0.528	0	1	1	0.097	0	0	0.182	0.182	0	0	0.013	0.013	0	0	0	0	0.287
Tumor_Only_006_pair	0.023	1	0.307	0.008	0.019	0.019	0	0	0.008	0.008	0	0	0.001	0.001	0	0	0	1	1	0	0	0	0	0	0	0.021	0	0.022	0	0.839	0.005	0.003	0.011	0.011	1	1	0	0	0.003	0.003	0	0	0	0	0	0	0	0	0	0.001	0.001	0	0	0.024	0.013	0	0	0.016	0.016	0	0	0.002	0.002	0.004	0.004	0.005	0.005	0	0.857	0	0	0.019	0	0	0	0	0	0	0	0.062	0.062	0	0	0.009
Tumor_Only_007_pair	0.013	0.811	0	0	0.1	0.991	0	0.019	0	0	0	0	0.005	0.005	0	0	0	0.061	0.061	0	0	0.413	0.408	0	0	0	0.013	1	0.775	0.01	0.005	0.005	0.003	0.003	1	0.552	0	0	0	0	0.009	0	0	0	0	0.012	0.004	0	0	0.021	0	0.001	0.001	0.002	0.011	0	0	0.012	0.007	0	0	0	0	0	0	0.006	0.006	1	0	0	0	0	0	0	0	0	0	0	0	0.027	1	0.004	0.004	0
Tumor_Only_008_pair	0	0	0.002	0.002	1	1	0.026	0.026	0.055	0.055	0	0.002	0.002	0.002	0	0	0	0.525	1	0.005	0	1	1	0	0	0.044	0.022	0.007	0	0	0.984	0.984	1	1	0.913	0.913	0	0	0	0	0	0.014	0.014	0.014	0.014	0	0	0	0	0	0	0	0	0.018	0	0	0	0	0	0	0	0	0.569	0	0	0.006	0.006	0	0	0	0	0.056	1	0	0	0	0	0	0	0.033	0.033	0.023	0.023	0.048
Tumor_Only_009_pair	0.053	0.053	0	0	0.005	0.005	0	0	0.019	0.71	0	0	0	0	0	0	0	0.027	0.027	0	0	0.027	0.021	0	0	0	0.011	0.015	0	0	0.029	0.029	0.003	0.003	0	0	0	0	0	0	0	0	0	0	0	0.016	0.016	0	0	0.028	0.028	0	0	0.034	0.925	0.021	0.021	0.001	0.001	0	0	0.019	0.019	0	0	0	0	0.986	0	0	0	0.276	0.865	0	0	0	0	0.016	0.016	0.985	0.571	0.003	0.003	0.057
Tumor_Only_010_pair	0.041	1	0	0	0.987	0.987	0.002	0.002	0	0	0.031	0.018	0	0	0	0	0	0.026	0.026	0	0	0.017	0.017	0	0	0	0	1	0	0	0.02	0.02	0.995	0.995	0	0	0.013	0.013	1	1	0.006	0	0	0	0	0.004	0.002	0	0	0	0	0	0	0	0	0.035	0.035	0.021	0.008	0	0	0.015	0.015	0	0	0.028	0.028	1	0.056	0.056	0	0.054	0.054	0	0	0	0	0.054	0.059	0	0	0	0	0
Tumor_Only_011_pair	0	0	0.007	0.007	1	1	0.024	0.024	1	1	0	0	1	1	0	0	0	0.995	0.995	0.003	0.003	0.985	0.985	0	0	0.03	0.011	1	0	0	0	0	0.015	0.015	0.95	0.95	0	0	0	0	0	0.006	0.006	0.006	0.006	0	0	0	0	0	0	0	0	0.001	0.001	0	0	0	0	0	0	0	0	0	0	0	0	0	0	0	0	0.028	0.028	0.018	0.018	0	0	0	0	0.017	0.017	0.008	0.008	0.024
Tumor_Only_012_pair	0	0	0	0	0.976	0.976	0	0	0.946	0.946	0	0	0.824	0.874	0	0.014	0.014	1	1	0	0.522	1	1	0	0	0	0	1	0.143	0.143	0.12	0.12	0.029	0.029	1	1	0.079	0.079	1	1	0.155	0	0.848	0.848	0.001	0.02	0.02	0	0	0.067	0.067	0	0	0.015	0.446	0	0	1	0	0	0	0.001	0.933	0	0	0	0	0.002	1	0	0	0	0	0	0	0	0	0	0	0	0	0	0	0
Tumor_Only_013_pair	0	0	0.143	0.154	1	1	0.016	0.016	1	1	0	0.012	1	1	0.009	0.009	0.009	1	1	0.01	0.01	0.986	0.986	0	0.002	0.025	0.004	1	0	0	0	0	0	0	0.946	0.946	0	0	0	0	0	0.004	0.004	0	0	0	0	0	0	0	0	0	0	0.009	0	0	0	0	0	0	0	0	0	0	0	0	0	0	0	0	0	0.02	0.02	0.016	0.016	0.842	0.842	0	0	0.011	0.011	0.004	0.004	0.028
Tumor_Only_014_pair	0	0	0.001	0.005	0	0	0.002	0.002	0.001	0.001	0.001	0	0.986	0.986	0	0	0	0.995	0.995	0.002	0.002	0.99	0.99	0	0	0	0.001	0.936	0	0	0	0	0.025	0.025	0.956	0.956	0	0	0	0	0	0	0	0	0	0	0	0.003	0.003	0	0	0	0	0	0.29	0	0	0.001	0.001	0	0	0	0	0	0	0	0	0.997	0	0	0	0.033	1	1	0.018	0	0	0	0	0.006	0.006	0.015	0.015	0.675
Tumor_Only_015_pair	0	0	0.007	0.007	0.733	1	0.024	0.024	0	0	0.004	0.01	0.989	0.989	0.004	0.004	0.004	0.964	0.964	0	0	0	0	0.006	0	0	0.007	1	0	0	0	0	0.018	0.018	0.9	0.9	0	0	0.967	0.967	0	0.015	0.015	0.015	0.015	0	0	0	0	0	0	0	0	0	0	0	0	0	0	0	0	0	0	0.019	0.02	0	0.003	0.982	0	0	0	0.048	0.048	0.028	0.028	0	0	0	0	0.034	0.034	0	0	0.033
Tumor_Only_016_pair	0	0.06	0.021	0	1	1	0.022	0.022	1	1	1	0.972	1	1	0	0	0	1	1	0.003	0.003	0.163	0.163	0.883	0.53	0	0	1	0	0	0.732	0.96	0.019	0.019	0.944	0.944	0	0	1	1	0	0.026	0.026	0.026	0	0	0.023	0	0	0	0	0	0	0	0	0	0	0	0	0	0	0	0	0	1	0	0	0.279	0.028	0.028	0	0.073	0.691	0	0	0	0	0	0	0.019	0.019	0	0	0.04
Tumor_Only_017_pair	0.019	0	0.004	0.004	1	1	0.021	0.021	0.012	0.012	0.003	0.003	1	1	0.003	0.003	0.003	0.991	0.991	0.004	0.004	0.968	0.972	0	0	0	0	0	0	0	0	0	0.033	0.033	0.895	0.93	0	0	0	0	0	0	0	0	0	0	0	0	0	0	0	0	0	0	0	0	0	0	0	0	0	0	0	0	0	0	0	0.988	0	0.001	0	0.047	0.047	0.036	0.036	0	0	0	0	0.031	0.031	0.007	0.007	0.038
Tumor_Only_018_pair	0	0	0	0	0.001	0.001	0	0	0	0	0	0	0.011	0.011	1	0	0	0.984	0.984	0	0.397	0.998	0.998	0	0.002	0	0.051	0.007	0	0	0.021	0.021	0.501	0.501	0.033	0.035	0	0	0.005	0.005	0	0.009	0.009	0.009	0.009	0	0	0	0	0.012	0.012	0.006	0.006	0.048	0.315	0	0	0	0.057	0	0	1	0	0	0	0.558	0	0.188	0	0	0	0.383	0	0	0	0	0	0	0	0.004	0.004	0	0	0.615
Tumor_Only_019_pair	0.022	1	0.863	0	1	1	0	0	0.95	0.955	0	0.257	1	1	0	0.032	0.032	1	1	0	0.001	0.013	0.013	0	0	0	0	1	0.011	0	0.029	0.029	0	0	1	0.217	0.024	0.024	0.003	0.003	0.072	0	0	0	0	0	0.014	0	0	0.035	0.035	0	0	0.005	0	0	0	0.004	0	0	0	0.006	0	0	0	0.008	0.008	0.039	0.001	0.001	0	0	0.006	0	0	0.008	0.008	0	0	0	0	0	0	0
Tumor_Only_020_pair	0	1	0	0	0.091	0.091	0.032	0.032	0	0	0.087	0.059	0.092	0.111	0.039	0.039	0.039	0	0	0	0	0.122	0.122	0	0	0	0	0.118	0.038	0.038	0	0	0	0	0.283	0.283	0	0	0	0	0	0.027	0.027	0.027	0	0.098	0.098	0	0	0	0	0.122	0.122	0	0	0	0	0	0	0.048	0.048	0.13	0.114	0	0	0.093	0.093	1	0.072	0.072	0	0	0	0	0	0.131	0.131	0	0	0.013	0.013	0.071	0.071	0.532
Tumor_Only_021_pair	0.016	0.016	0.003	0.003	0.99	0.989	0.011	0.011	0.991	0.991	0	0	0.989	0.989	0	0	0	1	1	0	0	1	1	0	0	0.004	0.021	1	0	0	0.008	0.008	0	0	0.929	0.966	0	0	0.984	0.984	0.012	0	0	0	0	0	0	0	0	0	0	0	0	0.002	0.002	0	0	0.053	0.053	0	0	0	0	0	0	0	0	0	0	0	0	0.033	0.033	0	0	0.003	0.003	0	0	0.013	0.013	0	0	0
Tumor_Only_022_pair	0	1	0.241	0.013	0.812	0.739	0.042	0.042	0.757	0.757	1	0.042	0.751	0.74	0	0.296	0.296	0.013	0.021	0	0.74	0	0	0	0	0	0	0.747	0.687	0.378	0	0	0.018	0.018	0.709	0.709	0	0	0	0	0	0.005	0.005	0.005	0	0	0	0	0	0	0	0	0	0	0	0	0	0.304	0	0	0	0.157	0	0.025	0.013	0.003	0.024	1	0.916	0.158	0	0	0	0.009	0.009	0	0	0	0	0.341	0.016	0	0	0.032
Tumor_Only_023_pair	0.015	0.852	0.001	0	0.997	0.997	0.99	0.99	0	0	0	0	0	0	0	0	0	1	1	0	0	0.01	0.002	0	0	0	0	0.016	0.009	0	0.016	0.32	0	0	0.957	0	0.005	0.005	0.01	0.01	0.022	0	0	0	0	0	0.01	0	0	0	0	0.01	0.01	0.009	0.092	0.006	0.003	0.013	0.013	0	0	0	0	0	1	0	0	0.013	0.602	0	0	0	0.186	0	0	0.002	0.002	0	0	0	0	0	0	0
Tumor_Only_025_pair	0	0	0	0.008	0	0	0.008	0.008	0.002	0.002	0	0	0.002	0.003	0	0	0	0.005	0.005	0.002	0.002	0.001	0	0	0	0	0.014	0.003	0	0	0	0	0.015	0.015	0	0	0.001	0.001	0	0	0.004	0	0	0	0	0.003	0	0	0	0	0	0	0	0.005	0	0	0	0.007	0.007	0	0	0	0	0	0.005	0.004	0.002	0.996	0	0	0	0.011	0.011	0.003	0.003	0	0	0.014	0.014	0	0	0.002	0.002	0
Tumor_Only_026_pair	0.087	0.399	0	0	0	0	0	0	0	0	0.013	0.013	0.011	0.003	0	0	0	0.006	1	0.087	0.087	0.055	0.121	0.002	0.002	0	0	0.014	0.156	0	0.098	0.117	0	0	0.197	0.186	0.064	0.064	0.017	0.017	0.118	0	0	0	0	0.026	0.014	0	0	0.051	0.051	0.01	0.02	0	0	0	0	0.016	0.016	0	0	0	0	0	0	0	0	0.048	1	0	0	0	0.823	0	0	0.026	0.026	0	0	0	0	0	0	0
Tumor_Only_027_pair	0	1	1	1	0.922	0.922	0	0	1	1	0.006	0.006	1	0.694	0	0.012	0.012	0.12	1	0	0	0.039	0.039	0	0	0	0.054	1	0	0	0.061	0.061	0	0	0.461	0.817	0.051	0.051	0.023	0.023	0	0.04	0.04	0.04	0	0	0	0	0	0.006	0.006	0	0	0	0	0	0	0.806	0	0	0	0.095	0.095	0	0	0.086	0.086	0.068	0	0	0	0.027	0.027	0	0	0.092	0.092	0	0	0	0	0	0	0.264
Tumor_Only_028_pair	0	0.009	0	0	0.001	0.03	0.004	0.004	0.015	0	0	0.001	0.004	0.004	0.003	0.003	0.003	0.005	0.005	0.005	0.005	0	1	0	0	0	0.017	0	0	0	0	0	0.011	0.011	0	0	0	0	0	0	0	0.005	0.005	0.005	0	0.007	0	0	0	0	0	0	0.003	0.017	0	0	0	0	0	0	0	0	0	0.011	0	0.004	0.004	0	0	0	0.001	0.013	0.013	0.008	0.008	0	0	0.013	0.013	0.004	0.004	0	0	0.006
Tumor_Only_029_pair	0.024	1	0	0	0.059	0.046	0	0.038	0	0	0	0	0	0.221	0	0	0	0.019	0.019	0	0	0.013	0.016	0	0	0	0	0.027	0	0	0.017	0.017	0	0	0.068	0.067	0.011	0.011	0.865	0.865	0.056	0	0	0	0	0.017	0.01	0	0	0.018	0	0.021	0.021	0.027	0.021	0	0	0.006	0.006	0	0	0.016	0.016	0	0	0.012	0.012	0.948	0	0	0	0.026	0.026	0	0	0.014	0.014	0	0	0	0	0	0	0
Tumor_Only_030_pair	0.03	0.03	0	0	0	0	0	0	0	0	0	0	0.01	0.01	0	0	0	0.034	0.034	0.004	0.004	0.043	0.043	0.003	0.003	0	0.022	0.024	0.047	0.047	0.057	0.057	0.007	0.007	0.087	0.066	0.052	0.052	0.008	0.008	0	0	0	0	0	0.009	0.007	0	0	0.013	0.013	0.005	0.005	0	0	0	0	0	0	0	0	0	0	0	0.013	0	0	1	0	0	0	0	0	0	0	0	0	0	0	0	0	0	0	0.958
Tumor_Only_031_pair	0.012	0.012	0.01	0.01	0	0	0.032	0.032	0.995	0.995	0.04	0	0	0	0	0	0	0.025	0.959	0	0	0	0	0.001	0.001	0	0	0.993	0	0	0	0	0.018	0.018	0.818	0.818	0.039	0	0.003	0.957	0	0.988	0.988	0.988	0	0	0	0	0	0	0	0	0	0	0.588	0	0	0.002	0.002	0	0	0.01	0.01	0.03	0.03	0	0	0.973	0.004	0.004	0	0.07	0.07	0.048	0.048	0	0	0	0	0	0.716	0	0	0.045
Tumor_Only_032_pair	0.012	0.012	0	0	0.983	0.983	0	0	0.975	0.975	0	0	0.993	0.989	0	0	0	1	1	0	0	0.999	0.999	0	0	0	0.014	0.995	0.038	0.038	0.034	0.034	0	0	1	1	0.008	0.008	0.005	0.005	0.064	0	0	0	0	0.022	0.006	0	0	0.014	0.014	0	0	0.027	0.028	0	0	0.009	0.009	0	0	0.007	0.007	0	0	0.008	0.016	0.055	0	0	0	0	0	0	0	0	0	0	0	0	0	0	0	0
Tumor_Only_033_pair	0.029	0.996	0.973	0.631	1	1	0	0	0	0	0.008	0	0	0	0.931	0	0	0.993	0.994	0.851	0.828	1	1	0	0	0	0.01	0.981	0	0	0.008	0.021	0.997	0.997	0.962	0.962	0.987	0.987	0	0	0.023	0	0	0	0	0	0	0	0	0.014	0.012	0.023	0.023	0	0	0.086	0.027	0	0	0	0	0	0	0	0	0	0	0.082	0	0	0	0	0	0	0	0	0	0	0	0	0	0.007	0.007	0
Tumor_Only_034_pair	0	0	0	0.021	1	1	0.039	0.039	0.035	0.014	0.018	0.018	0.012	0.006	0.02	0	0	0.999	0.999	0	0	0.935	0.935	0.004	0.004	0.087	0	0	0	0	0.948	0.948	1	1	0.912	0.924	0	0	0	0	0	0.018	0.018	0.018	0.018	0.048	0	0	0	0	0	0	0	0	0	0	0	0	0.677	0	0	0.243	0.005	0	0	0	0	0	0.048	0.048	0.002	0.05	0.05	0	0	0	0	0	0	0.036	0.036	0	0	0.079
Tumor_Only_035_pair	0	0.832	0	0	0.987	0.987	0	0	0	0	0	0	0	0	0	0	0	1	1	0.01	0.01	0.013	0.013	0	0	0	0	1	0.038	0.038	0.03	0.03	0	0	0.018	0.018	0.03	0.03	0.011	0.011	0.055	0	0.059	0.059	0	0.015	0.015	0	0	0.035	0.035	0.006	0.03	0.017	0.014	0.015	0.013	0.016	0.016	0	0	0	0	0	0	0.021	0.021	0.829	0.012	0.012	0	0	0	0	0	0	0	0	0	0	0	0	0	0
Tumor_Only_037_pair	0.003	0.003	0.003	0.003	1	0.999	0.026	0.218	0.996	0.996	0	0	0.988	0.989	0	0	0	1	1	0.001	0.001	1	1	0.003	0.003	0.012	0.014	1	0	0	0	0	0.01	0.01	0.849	0.965	0	0	0	0	0	0	0	0	0	0	0	0	0	0	0	0	0	0.003	0.21	0	0	0.002	0.002	0	0	0	0	0	0	0	0	0	0	0	0	0.014	0.014	0.007	0.007	0	0	0	0	0.012	0.012	0.019	0.019	0.021
Tumor_Only_038_pair	0.619	0.619	0	0	1	1	0	0	0	0	0.15	0	0.164	0.216	0	0	0	1	1	0.01	0.01	1	1	0.188	0.188	0	0.179	0.286	1	1	0.999	0.999	0	0	1	1	0.924	0.924	0.166	0.166	1	0	0	0	0	0.173	0.313	0	0	0.453	0.453	0.16	0.16	0	0.126	0	0	0	0	0	0	0	0	0	0	0	0	0.409	0	0	0	0	0	0	0	0.19	0.19	0	0	0	0	0	0	0
Tumor_Only_039_pair	0.004	0.001	0	0	0	0	0.007	0.007	0.978	0.978	0	0	0.978	0.978	0	0	0	1	1	0	0	0.973	0.973	0	0	0.013	0.001	0.977	0	0	0.016	0.016	0.018	0.018	0.972	0.972	0	0	0.97	0.97	0.003	0	0	0	0	0.012	0.004	0.002	0.002	0	0	0	0	0.017	0	0	0	0.006	0.006	0	0	0	0	0	0	0.012	0.012	0	0	0	0	0.014	0.014	0	0	0	0	0	0	0.003	0.003	0	0	0
Tumor_Only_040_pair	0.879	0	0.002	0.01	0.001	0.001	0.023	0.023	1	1	0	0	1	1	0.009	0.009	0.009	1	1	0	0.022	1	1	0	0	0.042	0	0.977	0	0	0.009	0	0.017	0.017	0.882	0.933	0	0	0	0	0	0.021	0.021	0.021	0	0	0	0	0	0	0	0	0	0.019	0.01	0	0	0	0	0	0	0	0	0	0	0.011	0.011	0	0.003	0.003	0	0.048	0.005	0.042	0.042	0	0	0	0	0.01	0.041	0.005	0.005	0.052
Tumor_Only_041_pair	0	0	0.003	0.004	0.005	0.005	0.008	0.008	1	1	0	0	0	0	0	0.002	0.002	0.999	0.999	0.011	0.011	0	0	0	0	0	0	1	0	0	0	0	0.014	0.014	0.966	0.966	0	0	0.003	0.003	0	0	0	0	0	0	0	0	0	0	0	0	0	0	0.001	0.001	0.001	0.007	0	0	0	0	0	0.01	0.01	0.005	0.005	0.009	0	1	0	0.03	1	0.003	0.003	0	0	0	0	0.004	0.004	0	0	0
Tumor_Only_042_pair	0	0	0	0.013	0.001	0.001	0	0.012	0	0	0	0.007	0.001	0.001	0.003	0.003	0.003	0.018	0.018	0	0	0.003	0	0	0	0	0	0.001	0	0	0	0	0.019	0.019	0	0	0.002	0.002	0	0	0.002	0.002	0.002	0.002	0.002	0.008	0	0	0	0.003	0	0.002	0.002	0.02	0	0	0	0	0	0	0	0.001	0.001	0	0.004	0.012	0.012	0.971	1	1	0	0.005	0.005	0	0.007	0	0	0.048	0.048	0	0	0.251	0.251	0
Tumor_Only_043_pair	0	0	0.459	0.009	1	1	0.025	0.025	1	1	0	0	0.008	0.008	0.002	0.002	0.002	1	1	0.001	0.001	1	0.992	0	0	0.035	0	1	0	0	0	0	0.02	0.02	0.92	0.92	0	0	0.994	0.994	0	0.024	0.024	0.024	0.007	0	0	0	0	0	0	0	0	0	0.146	0	0	0	0	0	0	0	0	0	0	0.01	0.01	0	0.003	0.003	0	0.035	0.035	0.033	0.033	0	0	0	0	0.019	0.019	0	0	0.038
Tumor_Only_045_pair	1	1	1	1	1	1	0.774	0.774	1	1	0	0	1	1	0.024	0	0	1	1	0	0	1	1	0.128	0.128	0	1	1	0.884	0.884	0.958	1	0.647	0.647	1	1	1	1	0.527	1	1	0	0	0	0	0	0	0	0	0	0	0	0	0	0	0	0	0	0.01	0	0	0.101	0.101	0	0	0	0	0.808	0	0	0	0	0	0	0	0	0	0	0	0	0	0	0	0
Tumor_Only_046_pair	0.882	0.999	0.915	0.286	1	1	0	0	1	1	0.883	0	0.92	1	0	0.921	0.921	0.934	1	0.087	0.142	1	1	0.898	0.353	0	0.001	1	0.015	0.015	0	0	1	1	1	1	0	0	1	1	0	0	0	0	0	0	0	0	0	0.008	0.008	0	0	0	0.322	0	0	0.06	0	0	0	0	0	0	0	0	0	1	0.005	0	0	0	0	0.002	0.002	0	0	0	0	0.014	0	0	0	0.002
Tumor_Only_047_pair	0	1	1	0.971	0.985	0.993	0.001	0	0.996	0.977	0.989	0	0.011	0.007	0.006	0.002	0.002	0.971	1	0	0.012	0.007	0	0	0	0	0.016	1	0	0	0	0.004	0.999	0.999	0.184	0.059	1	1	0.993	1	1	0	0.006	0.006	0	0	0	0	0	0	0.016	0	0	0	0.021	0	0	0	0.001	0	0	0.001	0	0	0.005	0.003	0.003	0.123	0	0	0	0.027	0.016	0.011	0	0	0	0	0	0	0	0	0	0
Tumor_Only_048_pair	1	1	0	0	0.501	0.501	0	0	0	0	0.353	0	0	0	0.14	0.14	0.14	1	1	1	1	1	1	1	1	0.317	1	1	1	1	1	1	0	0	1	1	1	1	1	1	1	0	0	0	0	0.185	0.185	0	0	1	1	0.241	0.241	0	1	0.14	0.14	0	0	0	0	0	0	0	0	0	0	0	0	0	0	0	0	0	0	1	1	0	0	0	0	0	0	0
Tumor_Only_049_pair	0	1	0.009	0.019	0.006	0.006	0.044	0.044	0.026	0.026	0.262	0.262	0.005	0.005	0	0	0	1	1	1	1	1	0.966	0	0	0	0	1	0	0	0.97	0.97	0.098	0.098	0.886	0.886	0	0	0	0	0	0.011	0.011	0.011	0	0	0	0	0	0	0	0	0	0	0	0	0	0.067	0.067	0	0	0	0	0	0	0.026	0.026	0.034	0.005	0.005	0	0.064	0.064	0	0	0	0	0	0	0.026	0.026	0.015	0.015	0.058
Tumor_Only_050_pair	0	0	0.001	0.001	0.004	0.004	0.012	0.012	1	1	0	0	0.004	0.434	0.004	0	0	1	1	0.011	0.011	0.991	0.991	0.001	0	0.022	0.013	1	0	0	0	0	0.022	0.022	0.977	0.977	0	0	0	0	0	0.001	0.001	0.001	0.001	0	0	0	0	0	0	0	0	0.009	0.002	0	0	0	0.001	0	0	0	0	0	0	0	0.001	0	0	0	0	0.009	0.873	0.009	0.009	0	0	0	0	0.011	0.011	0.004	0.004	1
Tumor_Only_051_pair	0	1	0	0	0	0.804	0	0	0	0	0	0	0.014	0.009	0	0	0	0	0.006	0	0	0.002	0.002	0.01	0	0	0.03	0	0.018	0.018	0	0.042	0.015	0.638	0.12	0.113	0	0	0.042	0.042	0.011	0.034	0.026	0.026	0	0.034	0.034	0.019	0	0.033	0.033	0.028	0.028	0.046	0.344	0	0	0.011	0.011	0.678	0	0.017	0.017	0	0	0	0.531	0.15	0	0	0.008	0	0	0.936	0	0	0	0	0	0.002	0.019	0	0	0
Tumor_Only_052_pair	0.044	0.356	0	0	0.019	0.019	0	0	0	0	0	0	0	0	0	0	0	0.042	0.042	0	0.014	0.022	0.022	0	0	0	0.037	0.012	0	0	0.043	0.043	0	0	0.053	0.054	0.031	0.031	0	0	0	0	0	0	0	0.021	0.021	0	0	0.031	0.031	0.016	0.016	0.003	0.004	0.014	0.014	0.021	0.021	0	0	0.016	0	0	0	0	0	1	0	0	0	0.112	1	0	0	0.028	0.028	0	0	0	0	0.027	0.027	0.68
Tumor_Only_053_pair	0	0	0	0	1	1	0.009	0.009	1	1	0	0	0	0	0.12	0.12	0.12	0.989	0.979	0	0	1	1	0	0	0.021	0.007	1	0.749	0.749	0.211	0	0.029	0.029	1	1	0	0	1	1	0	0.069	0.014	0.014	0	0	0	0	0	0	0	0	0	0.006	0.006	0.019	0.019	0	0	0	0	0	0.005	0	0	0.014	0.014	0	0	0	0	0	0	0.053	0	0	0	0	0	0.053	0.053	0	0	0.079
Tumor_Only_054_pair	1	1	0	0	0.748	0.748	0	0	0	0	0.405	0	0.57	0.57	0	0	0	1	1	0.113	0.113	1	1	1	1	0	1	1	1	1	1	1	0	0	1	1	1	1	1	1	1	0	0	0	0	0.01	0.01	0	0	0.188	0.188	0	0	0	0.188	0	0	0.188	0.188	0	0	0	0	0	0	0	0	0.188	0	0	0	0	0	0	0	0.188	0.188	0	0	0	0	0	0	0
Tumor_Only_056_pair	0	0	0.003	0	0	0	0	0	0.001	0.001	0.323	0	0	0.003	0	0	0	0	0.081	0.003	0.001	0	0	0	0	0.003	0.003	0.003	0	0	0.003	0.003	0.008	0.008	0	0	0	0	0	0	0	0	0.971	0.038	0.007	0	0	0.006	0.006	0.003	0.003	0	0	0	0.002	0	0	0.003	0.003	0.011	0	0	0	0.005	0.005	0.03	0.03	0	0	0	0	1	1	0	0	0	0	0.139	0.017	0.169	0.005	0.996	0.996	1
Tumor_Only_057_pair	0	0.329	0	0	0	0	0	0	0	0	0	0	0.002	0.005	0	0	0	0.001	0.001	0.002	0.002	0	0	0	0	0	0.006	0.005	0	0	0.004	0.004	0.009	0.009	0.008	0.01	0	0	0.012	0.012	0.01	0.015	0.015	0.015	0	0.006	0.006	0	0	0.012	0.012	0.01	0.01	0.031	0.047	0	0	0.003	0.003	0	0	0	0	0	0	0.026	0.026	1	0	0	0	0.009	0.009	0	0	0	0	0	0	0.055	0.055	0	0	0
Tumor_Only_058_pair	0.002	0.002	0	0	0	0.438	0.004	0.004	0.002	0.002	0	0	0.004	0.003	0	0.47	0.47	0	0	0	0	0.001	0.001	0	0	0.016	0	0.002	0	0	0	0	0	0	0	0	0	0	0.003	0.003	0	0	0	0	0	0.008	0.007	0	0	0	0	0	0	0.006	0.008	0	0	0.553	0	0	0	0.735	0.002	0	0	0.014	0.014	0	0.005	0.005	0	0.004	0.239	0.032	0.001	0.002	0.002	0.004	0.004	0	0	0	0	0.003
Tumor_Only_059_pair	1	1	1	1	1	1	1	1	1	1	1	0.001	1	1	0	0	0	1	1	0	1	1	1	0	0	0	0	1	0	0	1	1	0.803	0.803	1	1	0	0	0	0.048	0	0.04	0.04	0	0	0	0	0	0	0	0	0	0	0	0	0	0	1	0.077	0	0	0.053	0	0	0	0.066	0.072	1	0.001	0.001	0	0.021	0.021	0	0	0	0	0	0	0.125	0.037	0.085	0	0.008
Tumor_Only_060_pair	0	1	0.011	0.011	0	0	0.038	0.046	1	1	0.626	0	0	0.352	0	0.006	0.006	1	1	0.003	0.003	0.045	0.045	0	0	0	0	1	0	0	0	0	0.021	0.021	0.908	0.908	0	0	0.026	0.026	0	0.019	0.019	0.019	0	0	0	0.003	0.003	0	0	0	0	0	0.643	0.11	0	0.718	0	0	0	0	0	0	0	0.008	0.008	1	0.009	0.009	0	0.055	0.827	0.049	0.161	0	0	0	0	0.034	0.034	0	0	0.062
Tumor_Only_061_pair	0	1	0	0	0.002	0.23	0.008	0.008	0.004	0.004	0	0	0.001	0.001	0.009	0.006	0.006	0.009	0.009	0	0	0.001	0	0	0	0	0	0	0.001	0	0	0	0.009	0.009	0	0	0	0	0.006	0.006	0	0.024	0.024	0.024	0	0.007	0.785	0	0	0	0	0	0	0.017	0.017	0	0	0	0	0	0	0.015	0.007	0	0.018	0.013	0.013	1	0.006	0.006	0.013	0	1	0.012	0.012	0	0	0.01	0.01	0.001	0.011	0	0	0.006
Tumor_Only_062_pair	0.004	1	0.051	0	0.005	0.005	0	0	0	0	0	0	0	0.405	0	0	0	0.015	0.015	0.001	0.001	0.002	0.002	0	0	0	0.003	0	0.017	0	0	0.219	0.011	0.011	0.055	0.015	0	0	0	0	0	0	0	0	0	0	0.005	0	0	0.002	0.002	0.002	0.002	0	0	0.617	0	0.015	0.011	0	0	0	0	0	0	0	0	1	0	0	0.007	0	1	0.015	0	0	0	0	0	0.001	0.001	0.01	0.01	0.507
Tumor_Only_063_pair	0.009	0.009	0	0	0	0	0.455	0.455	0	0	0	0	0.026	0.026	0	0	0	0.274	0.274	0	0	0.026	0.026	0	0	0	0	0.01	0	0	0.024	0.024	0.236	0.236	0.054	0.054	0.02	0.02	0.129	0.129	0.003	0	0	0	0	0.007	0.012	0.003	0.003	0	0	0.022	0.022	0.019	0.006	0	0	0	0	0	0	0.01	0.01	0	0	0.012	0.012	1	0.056	0.056	0	0.107	0.456	0	0	0	0	0	0	0	0	0	0	0
Tumor_Only_064_pair	1	1	0.25	0.25	0	0	0.443	0.443	0	0.223	1	0	0	0	0	0	0	1	1	0.455	0.455	1	1	0.766	1	0.937	1	1	1	1	1	1	0.248	0.248	1	1	1	1	0	0	1	0	0	0	0	0	0	0	0	0	0	0.932	0	0	0.257	0.382	0.497	0.453	0.453	0	0	0	0	0	0	0	0	0	0	0	0	0	0	0	0	0	0	0	0	0	0	0.286	0.286	0
Tumor_Only_065_pair	0	0	0.003	0.003	0.013	0.013	0	0	0.028	0.028	0.122	0.017	0	0	0.015	0.015	0.015	1	1	0	0	0.965	0.965	0.053	0.053	0.04	0	0	0.006	0.006	1	1	0	0	1	1	0	0	1	1	0	0.024	0.024	0.024	0.024	0	0	0	0	0.003	0.003	0	0	0	0	0.05	0.05	0	0	0	0	0.052	0.052	0	0	0	0	0	0.97	0.97	0.006	0	0	0	0	0.022	0.022	0	0	0.051	0.051	0	0	0.049
Tumor_Only_066_pair	1	1	0.857	0.846	0.018	0.018	0	0	1	1	0.821	0.08	1	1	0	0	0	1	1	0.032	0.078	0	0	0	0	0	0	1	0	0	0	0	0	0	0.975	0.975	0.007	0	0	0	0	0.024	0.024	0	0	0	0	0	0	0	0	0	0	0	0	0	0	0.011	0.015	0	0	0	0	0.005	0.005	0.669	0.021	1	0.022	0.022	0	0.027	0.027	0.022	0.022	0.002	0.002	0	0	0	0.002	0.01	0.008	0.014
Tumor_Only_067_pair	0.006	1	0	0	0.781	0.019	0.011	0.011	0.01	0.008	0.003	0	0	0	0.014	0.014	0.014	0.99	0.99	0.012	0.012	0	0	0	0	0	0	0	0	0	0	0	0.01	0.01	0	0	1	0.988	0.008	0.008	0	0	0	0	0	0.015	0.015	0	0	0	0	0	0	0	0.139	0	0	0	0	0	0	0	0	0.013	1	0.233	0.004	0.998	0.007	0.007	0.004	0.021	0.021	0.015	0.015	0	0	0.047	0.047	0	0	0	0	0.032
Tumor_Only_068_pair	0.014	0.014	0	0	0	0	0	0	0	0	0	0	0	0	0	0	0	1	1	0.01	0.01	0.013	0.013	0	0	0.002	0	0.014	0.026	0.026	0.031	0.031	0	0	0.008	0.008	0.022	0.022	0.015	0.015	0.049	0	0	0	0	0.007	0.007	0.002	0.002	0.012	0.012	0.011	0.011	0.02	0.01	0.005	0.005	0.006	0.006	0	0	0	0	0	0	0.009	0.013	0	0.003	0.003	0	0	0	0	0	0.01	0.01	0	0	0	0	0	0	0
Tumor_Only_069_pair	0	0.977	0	0	1	1	0.023	0.023	1	1	0.015	0.007	1	0.074	0	0.82	0.82	1	1	0.018	0.018	1	1	0	0	0.044	0.008	1	0	0	0	0	0.022	0.022	1	1	0	0	1	1	0	0	0	0	0	0.005	0.012	0	0	0	0	0	0	0	0	0	0	0	0	0	0	0	0	0	0	0.003	0	0	0	0	0	0.004	0.03	0.018	0.014	0	0	0	0	0.006	0.006	0	0	0.02
Tumor_Only_070_pair	0.024	0.998	0	0	0.001	0.001	0	0	0.966	0.966	0	0	1	1	0	0	0	1	1	0	0	0.026	0.026	0	0	0	0.019	1	0.064	0.064	0.05	0.05	0.971	0.971	1	0.94	0.039	0.039	0	0	0.086	0	0	0	0	0.012	0.012	0	0	0.038	0.038	0	0	0.032	0.032	0	0	0.017	0.017	0	0	0.04	0	0	0	0.041	0.406	1	0	0	0	0	0	0	0	0	0	0	0	0	0	0	0	0
Tumor_Only_072_pair	0.247	1	0	0	0.726	0.726	0	0	1	1	0	0	1	1	0	0	0	1	1	0	0	0.266	0.266	0	0	0	0.086	1	0.354	0.354	0.282	0.282	0.034	0.034	1	1	0.174	0.174	0	0	0.433	0	0	0	0	0.151	0.151	0	0	0.31	0.31	0	0	0.118	0.118	0	0	0.176	0.176	0	0	0.135	0.135	0	0	0.107	0.107	1	0	0	0	0	0	0	0	0	0	0	0	0	0	0.034	0.034	0
Tumor_Only_073_pair	0.063	0.992	0	0	0.046	0.046	0	0	0.996	0.953	0.298	0	0.956	0.956	0	0	0	1	1	0	0	0.11	0.11	0	0	0	0	0.02	0.131	0.131	0.148	0.077	0.026	0.026	1	1	0.061	0.061	0	0	0.125	0	0	0	0	0.095	0.095	0	0	0.077	0.077	0	0	0	0	0	0	0.003	0.003	0	0	0.047	0.02	0	0.01	0	0	0.059	0.101	0.101	0	0	0	0	0	0	0	0	0	0	0	0.011	0.011	0
Tumor_Only_074_pair	1	1	0.428	0.428	1	1	0	0	0.046	0.046	0.575	0.575	1	1	0.913	0.913	0.913	1	1	0	1	1	1	1	1	0	1	1	1	1	1	1	0	0	1	1	1	1	1	1	1	0	0	0	0	0	0	0	0	0.046	0.046	0	0	0	0	0	0	0	0	0	0	0.046	0	0	0	0	0	0.046	0	0	0	0	0	0	0	0.046	0.046	0	0	0	0	0	0	0
Tumor_Only_076_pair	0	1	0	0	0.045	0.045	0	0	0.06	0.06	1	0	0.044	0.049	0.075	0.075	0.075	0.865	0.865	0.05	0.034	0.063	0.063	0	0	0	0	1	0	0	0	0	0	0	0.782	0.784	0.011	0.011	0	0	0	0.118	0.118	0.118	0	0.011	0.011	0	0	0.167	0.206	0	0	0	0.599	0	0	0	0	0	0	0	0	0	0	0.11	0.11	0.363	0.28	0.28	0	0.133	0.133	0.07	0.07	0.024	0.024	0	0	0	0	0.265	0.265	0.141
Tumor_Only_077_pair	0.006	0.007	0	0	0	0	0.366	0.997	1	1	0	0.002	1	1	0	0	0	1	1	0.019	0.019	0	0	0.005	0	0	0	1	0.012	0	0.005	0.005	0.01	0.01	1	0.992	0	0	1	1	0.006	0	0	0	0	0.006	0.006	0.006	0.006	0	0	0	0	0.002	0	0	0	0.008	0.008	0	0	0	0	0.005	0.005	0	0.005	1	0.009	0.009	0	0	0.976	0	0	0	0	0	0	0.003	0.003	0	0	0
Tumor_Only_078_pair	0.008	0.008	0	0	0	0	0	0	0	0	0.004	0.004	0	0	0	0	0	0.008	0.008	0	0	0.042	0.042	0	0	0.014	0.02	0.001	0.026	0.026	0.019	0.019	0	0	0	0	0.015	0.015	0.03	0.03	0.043	0	0	0	0	0.009	0.002	0	0	0.015	0.015	0.005	0.005	0	0	0.017	0.017	0	0	0	0	0.007	0.007	0	0	0.005	0.005	0	0	0	0	0	0	0	0	0.007	0.007	0.008	0.008	0	0	0	0	0
Tumor_Only_079_pair	0.148	0.148	0	0	0	0	0	0	0.977	0.977	0.006	0	0.843	0.843	0	0	0	1	1	0.98	0.98	0.765	0.765	0	0	0	0.025	1	0.08	0.08	0.052	0.052	0.01	0.01	1	1	0.034	0.034	0	0	0.104	0	0	0	0	0.027	0.027	0.023	0.023	0.061	0.061	0	0	0	0.009	0	0	0.031	0.031	0	0	0	0	0	0	0.006	0.006	1	0	0	0	0	0	0	0	0	0	0	0	0	0	0.171	0.171	0
Tumor_Only_080_pair	0.009	0.797	0	0.001	0	0	0	0	0	0	0	0	0	0	0	0	0	0.01	0.01	0.008	0.008	0.001	0.001	0	0	0	0	0.007	0.005	0.005	0.005	0.005	0.009	0.009	0	0	0	0.008	0	0	0.018	0	0	0	0	0.003	0	0.003	0.003	0.019	0.001	0.006	0.006	0.023	0.023	0	0	0.002	0.002	0	0	0	0	0	0	0.002	0.002	1	1	1	0	0	0	0	0	0	0	0.009	0.009	0.565	0	0.002	0.002	0
Tumor_Only_081_pair	0.984	0.992	0.989	0.986	0.989	0.989	0.976	0.976	1	1	0.042	0.042	0.948	0.948	0	0	0	1	1	0	0	0.67	0.67	0.893	0.893	0	0	1	0.004	0.004	1	1	1	1	1	1	0	0	1	1	0.01	0	0	0	0	0	0	0	0	0	0	0	0	0	0	0	0	0.014	0.014	0	0	0.002	0.002	0	0	0	0	0.016	0.01	0.01	0	0	0	0	0	0	0	0	0	0	0	0	0	0
Tumor_Only_082_pair	0	0	0.005	0.01	1	1	0.17	0.773	0.022	0	0.993	1	0	0	0	0	0	0.921	0.921	0.001	0.001	1	1	0	0	0.04	0	1	0	0	0.938	0.938	0.028	0.028	0.841	0.841	0	0	0	0	0	0.005	0.005	0.005	0.005	0	0	0	0	0	0	0	0.106	0	0	0.007	0.007	0.001	0.001	0	0	0	0	0	0	0.006	0.006	0	0.003	0.003	0	0.058	0.058	0	0	0	0	0	0	0.028	0.028	0.006	0.006	0.08
Tumor_Only_083_pair	0.031	1	0	0	0.994	0.994	0	0	0	0	0	0	0.01	0.001	0	0	0	1	1	0	0	0.009	0.009	0	0	0	0	1	0.029	0.029	0.028	0.028	0.992	0.992	0.057	0.057	0.012	0.012	0	0	0.029	0	0	0	0	0.009	0.009	0	0	0.023	0.023	0.005	0.005	0.015	0.015	0	0	0.013	0.001	0	0	0.013	0.013	0	0	0	0	1	0.98	0.98	0	0	0	0	0	0	0	0	0	0	0	0.004	0.004	0
Tumor_Only_084_pair	1	1	0	0	1	1	0	0	1	1	1	0.061	1	1	0.388	0.388	0.388	1	1	0	0	1	1	0.841	0.841	0	0.285	1	1	1	1	1	0	0	1	1	1	1	0.383	0.383	1	0	0	0	0	0	0.141	0	0	1	1	0	0	0	0	0	0	0	0	0	0	0.806	0.806	0	0	0	0	1	0	0	0	0	0	0	0	1	1	0	0	0	0	0	0	0
Tumor_Only_085_pair	0.205	1	1	1	1	1	0	0	1	1	1	0.288	1	1	0	0	0	1	1	0	0	0.197	0.197	0	0	0	0.002	1	1	1	0.402	0.402	0	0	1	1	0.191	0.191	1	1	0.519	0	0	0	0	0	0	0	0	0.254	0.254	0	0	0	0	0	0	0.084	0.084	0	0	0.088	0.088	0	0	0.101	0.101	0.32	0	0	0	0	0	0	0	0	0	0	0	0	0	0	0	0
Tumor_Only_086_pair	0.064	1	1	0.026	0.101	0.533	0	0	0.012	0.012	0	0.012	0.001	0.001	0	0	0	0.042	0.042	0	0.024	0.045	0.045	0.019	0.019	0	0	0.056	0.044	0.044	0.06	0.06	0	0	0	0	0.069	0.069	0.04	0.04	0.093	0	0	0	0	0	0	0	0	0.015	0.015	0	0	0	0	0	0	1	0.005	0	0	0.001	0	0	0	0	0	0.035	0	0.96	0	0	0	0	0	0.01	0.01	0.022	0.007	0	0	0	0	0
Tumor_Only_087_pair	0.024	0.001	0.001	0.001	0.991	0.991	0	0	0	0	0.982	0.983	0.98	0.98	0	0	0	0.985	0.985	0	0	1	0.965	0	0	0.043	0.012	0.99	0.014	0.014	0.004	0.004	0.011	0.011	0.97	0.97	0	0	0	0	0.004	0	0	0	0	0	0	0	0	0	0	0.015	0.015	0	0	0	0	0.012	0.012	0	0	0.007	0.007	0	0	0.004	0.004	0	0	0	0	0	0	0	0	0	0	0	0	0.011	0.011	0.004	0.004	0
Tumor_Only_088_pair	1	1	0	0	0.196	0.196	0.947	0	0	0	0.022	0	0.812	0.736	0	0	0	1	1	0	0.003	1	1	0.035	0.035	0	1	0.979	1	1	1	1	0.109	0.109	1	1	1	1	0.186	0.186	1	0	0	0	0	0.161	0.161	0	0	0	1	1	1	0	0.27	0	0	0.003	0.003	0	0	0.639	0	0	0	0	0	0.035	0	0	0	0	0	0	0	0	0	0	0	0	0	0	0	0
Tumor_Only_089_pair	0.016	0.022	0	0	0.955	0.955	0.996	0.84	0.99	0.99	0	0	0.991	0.991	0	0	0	1	1	0	0	1	1	0	0	0.018	1	0.011	0.138	0	0.005	0.005	1	1	0.955	0.96	0	0	0.02	0.02	0.021	0	0	0	0	0.012	0.012	0	0	0	0	0	0	0.003	0.258	0	0	0.01	0.01	0	0	0.012	0.009	0	0	0.013	0.013	0	0	0	0	0	0.199	0	0	0	0	0	0	0	0	0	0	0
Tumor_Only_090_pair	0.053	0.053	0	0	0	0	0	0	0	0	0.004	0	0	0	0	0	0	0	0.039	0.003	0	0.03	0.03	0	0	0	0.028	0.007	0.064	0.064	0.046	0.046	0	0	0.053	0.053	0.045	0.045	0.001	0.176	0	0	0	0	0	0.017	0.018	0.005	0.005	0.056	0.056	0.016	0.016	0	0.035	0.006	0.006	0.017	0.017	0.139	0	0	0.001	0	0	0.229	0.024	1	0	0	0	0	0	0	0	0.016	0.016	0	0	0	0	0	0	1
Tumor_Only_091_pair	0.023	0.023	0	0.003	0.002	0.002	0	0	0	0	0.001	0.001	0.018	0.018	0.004	0.004	0.004	0	1	0	0	0.027	0.027	0.002	0	0	0	0.003	0	0	0.023	0.023	0	0	0.023	0.023	0.021	0.021	0.014	0.014	0.04	0	0	0	0	0.007	0	0	0	0.01	0.01	0.005	0.005	0	0	0	0	0	0	0.002	0	0.006	0.006	0	0	0	0	0.001	0.018	0.018	0	0.311	1	0	0	0	0	0	0	0	0	0	0	0
Tumor_Only_092_pair	0	0	0	0	0	0	0	0	0	0	0	0	0.002	0.004	0	0.025	0.025	0.017	0.017	0	0	0.595	0	0	0	0	0	0	0.016	0.016	0.014	0	0	0	0.03	0.031	0	0.011	0.002	0.002	0	0	0	0	0	0.019	0.005	0.007	0.007	0.004	0.004	0.012	0.012	0.012	0.52	0	0	1	0	0	0	0.006	0.015	0	0.008	0.64	0.353	1	0.224	0	0.005	0	0	0	0.012	0	0	0	0	0.666	0	0	0	0.983
Tumor_Only_093_pair	0.014	0.014	0	0	0.755	0.996	0.003	0.003	1	1	0	0	1	1	0	0	0	0.009	0	0.005	0.005	0	0	0	0	0	0	0.858	0	0.011	0	0	0.012	0.012	0.988	0.988	0	0.013	0.005	0.005	0	0	0	0	0	0.013	0.013	0	0	0	0	0	0	0	0	0	0	0.01	0.01	0	0.047	0	0	0.007	0.007	0.005	0.005	1	0.009	0.009	0	0.008	0	0.002	0.002	0	0	0	0	0.261	0	0	0	0.609
Tumor_Only_094_pair	0	0	0.015	0.015	0.978	0.978	0.02	0.02	0.989	0.998	0.028	0.018	0.975	0.975	0.005	0.005	0.005	0.949	0.949	0	0	0.936	0.936	0.022	0	0.042	0	0.973	0	0	0	0	0.01	0.01	0.875	0.875	0	0	0.005	0.005	0	0.029	0.945	0.002	0.002	0	0	0	0	0	0	0	0	0	0	0	0	0	0	0	0	0.007	0.007	0	0	0	0.378	0	0.004	0.004	0	0.037	0.037	0.025	0.025	0	0	0	0	0.015	0.015	0	0	0.032
Tumor_Only_095_pair	0	0	0	0	0.993	0.993	0.015	0.959	0.995	0.995	0	0	0	0	0	0.026	0.026	1	1	0.982	0.975	1	1	0	0	0.028	0	1	0.065	0.03	0.003	0.003	1	1	1	1	0.002	0.002	1	1	0.026	0	0.035	0.944	0.005	0.049	0.003	0	0	0	0	0	0	0.002	0.008	0.012	0.012	0.997	0	0	0	0	0	0	0	0.027	0.027	0	0.941	0.108	0	0	0	0	0	0	0	0	0	0	0	0	0	0
Tumor_Only_096_pair	0	0	0.004	0.004	0.003	0.003	0.006	0.006	0	0	0.003	0.003	0	0	0	0	0	0	0	0.01	0	0.089	1	0.002	0	0.015	0.093	0.001	0	0	0	0	0	0	0	0	0.001	0.001	0	0	0	0.002	0.002	0.002	0	0	0	0	0	0	0	0	0	0	0	0.001	0.001	0.006	0.006	0	0	0	0	0	0	0	0.006	0	0	0	0	0.009	0.009	0.007	0.007	0.001	0.001	0.031	0.029	0	0	0	0	0.009
Tumor_Only_097_pair	0	1	0.024	0.024	0.037	0.037	0	0	0.051	0.103	0.017	0.017	0.022	0.032	0	0	0	0.011	0.011	0	0	0	0	0.021	0	0	0	0.054	0	0	0	0	0.045	0.045	0.922	0.922	0	0	0	0	0	0.328	0.328	0.328	0	0	0	0	0	0.68	0.68	0	0	0	0	0	0	0.268	0.268	0	0	0.315	0.301	0	0	0	0	0.202	1	1	0	0.022	1	0.023	0.023	0	0	0	0	0.006	0.006	0.234	0.234	0.066
Tumor_Only_099_pair	0	0	0.012	0	1	1	0.011	0.011	1	0.436	0.069	0.042	0.166	0.163	0	0	0	0.96	0.96	0.005	0	0.973	0.973	0	0	0.029	0.002	1	0	0	0	0	0.023	0.023	1	1	0	0	0.021	0.021	0	0.944	0.944	0.944	0.03	0	0.002	0	0	0	0	0	0	0	0	0	0	0.01	0.01	0	0	0	0.01	0	0	0.025	0.025	0	0	0	0	0.097	0.097	0.094	0.068	0	0	0	0	0.119	0.119	0	0	0.093
Tumor_Only_100_pair	0.103	0.103	0.001	0.001	0.039	0.039	0.002	0.002	0.018	0.018	0	0	0	0	0	0	0	0.128	0.128	0.068	0.068	0.097	0.097	0.007	0.007	0.112	0.063	0.073	0	0	0	0	0.158	0.158	0.137	0.137	0.157	0.157	0.099	0.099	0.158	0	0	0	0	0	0	0	0	0	0	0	0	0.051	0.051	0.016	0.016	0	0	0	0	0	0	0	0	0	0	0	0	0	0	0.192	0.192	0.043	0.043	0	0	0	0	0	0	0	0	0
