sample	KRAS	NRAS	IGLL5	TENT5C	DIS3	TRAF3	BRAF	DUSP2	TP53	FGFR3	ATM	DNAH5	EGR1	HIST1H1E	CYLD	MAX
MMRF_1016_1_BM_CD138pos	0	0	0	0	0	0	0	0	0	0.146|0.06|0.352	0	0	0	0	0	0
MMRF_1021_1_BM_CD138pos	0.536|0.328|0.815	0	0.761|0.475|1	0	0	0	0	0	0	0	0	0	0	0	0	0
MMRF_1030_1_BM_CD138pos	1|0.852|1	0	0	0	0	0	0	0	0	0	0	0	0	0	0.883|0.507|1	0
MMRF_1031_1_BM_CD138pos	0	0	0	0	0	0	0.785|0.552|1	0	0	0	0	0	0	0	0	0
MMRF_1032_1_BM_CD138pos	0.659|0.51|0.83	0	0	0	0	0	0	0	0	0	0	0	0	0	0	0
MMRF_1033_1_BM_CD138pos	0	0	0	0	0	0	0	0	0	0	0	0	0	0	0	0
MMRF_1037_1_BM_CD138pos	0	0.893|0.633|1	0	0.277|0.177|0.422	0	0	0	0	0	0	0	0	0	0	0	0
MMRF_1038_1_BM_CD138pos	0.904|0.685|1	0	0	0	0	0	0	0	0	0	0	0	0	0	0	0
MMRF_1045_1_BM_CD138pos	0	0	0	0	0	0	0	0	0	0	0	0	0	0	0	0
MMRF_1049_1_BM_CD138pos	0	0	0	1|0.928|1	0	0	0	0	0	0	0	0	1|0.874|1	0	0	0
MMRF_1054_1_BM_CD138pos	0	0.775|0.597|0.971	0	0	0	0	0	0	0	0	0	0	0	0	0	0
MMRF_1055_1_BM_CD138pos	0	0.971|0.722|1	0	0	0	0	0	0	0	0	0	0	0	0	0	0
MMRF_1061_1_BM_CD138pos	0	1|0.961|1	0	0	0	0	0	0	0	0	0	0	0	0	0	0
MMRF_1068_1_BM_CD138pos	0	0.386|0.233|0.606	0	0.271|0.168|0.42	0	0	0	0	0	0	0	0	0	0	0	0
MMRF_1073_1_BM_CD138pos	0	0.386|0.328|0.453	0	0.6|0.455|0.77	0	0	0	0	0	0	0	0	0	0	0	0
MMRF_1077_1_BM_CD138pos	0	0	0	0	0	0	0	0	0	0	0	0	0	0	0	0
MMRF_1078_1_BM_CD138pos	0.27|0.135|0.525	0	0	0	0	0.446|0.162|1	0.49|0.245|0.949	0	0	0	1|1|1	0	0	0	0	0
MMRF_1079_1_BM_CD138pos	0	0	0	0	0	0	0	0	0	0	0	0	0	0	0.227|0.109|0.425	0
MMRF_1082_1_BM_CD138pos	1|0.879|1	0	0	1|0.96|1	0	0	0	0	0	0	0	0	0	0	0	0
MMRF_1086_1_BM_CD138pos	0	0.147|0.076|0.278	0	0	0	0	0	0	0	0	0	0	0	0	0	0
MMRF_1089_1_BM_CD138pos	1|1|1	0.219|0.109|0.425	1|1|1	0	0	0	0.944|0.607|1	1|1|1	0	0	0	0	0	0	0	0
MMRF_1090_1_BM_CD138pos	1|0.95|1	0	0	0	1|0.833|1	0	0	0	0	0	0	0	0	0	0	0
MMRF_1092_1_BM_CD138pos	0	1|0.892|1	0	0	0	0	0	0	0	0	0	0	0	0	0	0
MMRF_1098_1_BM_CD138pos	0	0	0	0	0	0.13|0.068|0.24	0	0	0	0	0	0	0	0	0	0.072|0.038|0.131
MMRF_1100_1_BM_CD138pos	0	0.908|0.619|1	0	0	0	0	0	0	0	0	0	0	0	0	0	0
MMRF_1107_1_BM_CD138pos	0	0	0	0	0	0	0	0	0	0	0	0	0	0	0	0
MMRF_1108_1_BM_CD138pos	0.704|0.427|1	0	0.722|0.354|1	0	0.913|0.613|1	0	0	0	0	0	0	0	0	0	0	0
MMRF_1129_1_BM_CD138pos	0.534|0.348|0.776	0.286|0.136|0.56	0	0	0.225|0.082|0.506	0.212|0.095|0.418	0	0	0	0	0	0	0	0	0	0
MMRF_1148_1_BM_CD138pos	0	0	1|0.927|1	1|0.945|1	0	0	0.582|0.294|1	0	0	0	0	0	0	0	0	0
MMRF_1151_1_BM_CD138pos	0	0	0	1|0.699|1	0	0	0	0	0	0	0	0	0	0	0	0
MMRF_1153_1_BM_CD138pos	0	0.163|0.12|0.221	0	0	1|0.973|1	0	0.753|0.576|0.964	0	0	0	0	0	0	0	0	0
MMRF_1157_1_BM_CD138pos	0	0	1|1|1	0	0	0	0.648|0.44|0.899	0	0	0	0	0	0	0	0	0
MMRF_1167_1_BM_CD138pos	0	0	0	0	0	0	0	0	0	0	0	0	0	0	0	0
MMRF_1171_1_BM_CD138pos	0	0	1|0.82|1	0	0	0	0	0	0	0	0	1|1|1	0	0	0	0
MMRF_1178_1_BM_CD138pos	0	0	0	0	0	0	0	0	0	0	0	0	0	0	0	0
MMRF_1180_1_BM_CD138pos	0	0	0	0	1|0.93|1	0	0.866|0.594|1	0	0	0	0	0	0	0	0	0
MMRF_1185_1_BM_CD138pos	0	0	0	0	0	0	0	0	0	0	0	0	0	0	0	0.421|0.262|0.633
MMRF_1188_1_BM_CD138pos	0.579|0.411|0.783	0.13|0.07|0.238	0	0	0	0	0	0	0	0	0	0	1|1|1	0	0	0
MMRF_1195_1_BM_CD138pos	0	0.879|0.563|1	0	0.926|0.755|1	0	0	0	0	0	0	0	0	0	0	0	0
MMRF_1202_1_BM_CD138pos	0	0	0	0	0.172|0.099|0.286	0	0	0	0	0.839|0.632|1	0	0	0	0	0	0
MMRF_1210_1_BM_CD138pos	0	0	0	0.167|0.098|0.282	0	0	0	0	0	0	0	0	0	0	0	0
MMRF_1216_1_BM_CD138pos	0	0.407|0.296|0.548	0	0	0	0	1|1|1	0	0	0.607|0.426|0.832	0	0	0	0	0	0
MMRF_1231_1_BM_CD138pos	0.609|0.46|0.784	0.394|0.286|0.531	0	0	0	0	0	0	0	0	0	0	0	0	0	0
MMRF_1235_1_BM_CD138pos	0	0	0	0	0	0	1|0.953|1	0	0	0.784|0.455|1	0	0	0	0	0	0
MMRF_1250_1_BM_CD138pos	0	0	0	0	0	0	0	0	0	0	0	0	0	0	0	0
MMRF_1251_1_BM_CD138pos	0	0	0	0	0.934|0.754|1	0	0	0	0	0	0	0	0	0	0	0
MMRF_1252_1_BM_CD138pos	1|0.823|1	0	0	0	0	1|0.892|1	0	0	0	0	0	0	0	0	0	0
MMRF_1260_1_BM_CD138pos	0	0	0.717|0.346|1	0	0	0	0	0	0	0.532|0.348|0.791	0	0	0	0	0	0
MMRF_1261_1_BM_CD138pos	0.907|0.609|1	0	0	0	0	1|1|1	0	0	0	0	0	0	0	0	0	0
MMRF_1266_1_BM_CD138pos	0	0	0	0	0	0	0	0	0	0	0	0	0	0	0	0
MMRF_1267_1_BM_CD138pos	0.863|0.681|1	0	0	0	0	0	0	0	0	0	0	0	0	0	0	0
MMRF_1269_1_BM_CD138pos	0	1|1|1	0	0	0	0	0	0	0	0	0	0	0	0	0	0
MMRF_1274_1_BM_CD138pos	0	0	0	0	0	0	0	0.884|0.605|1	0	0	0	0	0	0	0	0
MMRF_1277_1_BM_CD138pos	1|1|1	0.121|0.083|0.174	0	0	0	0	0	0	0	0	0	0	0	0	0	0
MMRF_1284_1_BM_CD138pos	1|0.91|1	0	0	0	0	0	0	0	0	0	0	0	0	0	0	0
MMRF_1285_1_BM_CD138pos	0	0	0	0	0	0.083|0.03|0.221	0	0	0	0	0	0	0	0	0	0
MMRF_1290_1_BM_CD138pos	0	0.888|0.801|0.977	0	0	0	0	0	0	0	0	0.883|0.684|1	1|0.839|1	0	0	0	0
MMRF_1293_1_BM_CD138pos	0	0	0	0	0	0	0	0	0	0	0	0	0	0.979|0.744|1	0	0
MMRF_1300_1_BM_CD138pos	0	0	0	0	1|1|1	0	0	0	0	0.615|0.397|0.91	0	0	0	0	0	0
MMRF_1304_1_BM_CD138pos	0	0	1|1|1	0	0	0	0	0	0	0	0	0	0	0	0	0
MMRF_1307_1_BM_CD138pos	0	0	0	1|0.84|1	0.201|0.09|0.407	0	0	0	0	0	0	0	0	0	0	0
MMRF_1308_1_BM_CD138pos	0	0.239|0.137|0.401	0	0	0	0	0	0	0	0	0	0	0	0	0	0
MMRF_1309_1_BM_CD138pos	0	0.228|0.174|0.297	1|0.78|1	0	0	0	0	0	0	0	0	0.274|0.182|0.408	0	0	0	0
MMRF_1311_1_BM_CD138pos	0	0	0	0	0	0	0.722|0.449|1	0	0	0	0.952|0.703|1	0	0	0	0	0
MMRF_1312_1_BM_CD138pos	0.271|0.111|0.622	0.434|0.275|0.658	0	0	0	0	0	0	0	0	0	0	0	0	0	0.178|0.089|0.337
MMRF_1318_1_BM_CD138pos	0.948|0.814|1	0	0	0	0	0	0	0	0	0	0	0	0	0	0	0
MMRF_1320_1_BM_CD138pos	0.584|0.46|0.729	0	1|0.572|1	0	0	0	0	0	0	0	0	0	0	0	0	0
MMRF_1323_1_BM_CD138pos	0	0	1|0.802|1	0	0	0	0	0	0	0	0	0	0	0	0	0
MMRF_1324_1_BM_CD138pos	0	0	0	0	0	0	0	0	0	0	0	0	0	0	0	0
MMRF_1327_1_BM_CD138pos	0	0	0	0	0	1|0.921|1	0	0	0	0	0	0	0	0	0	0
MMRF_1328_1_BM_CD138pos	0	0	0	0	0	0	0	0	0	0	0	0	0	0	0	0
MMRF_1331_1_BM_CD138pos	0	0	0	0	0	0	0	0	0	0	0	0	1|1|1	0	0	0
MMRF_1332_1_BM_CD138pos	0	0	0.749|0.552|0.97	0	0	0	0	0	0	0	0	0	0	0.96|0.839|1	0	0
MMRF_1338_1_BM_CD138pos	0	0	0	0.68|0.454|0.95	0	0	0	0	0	0	0	0	0	0	0	0
MMRF_1342_1_BM_CD138pos	0	0	0	0	0	0	0	0	0.898|0.686|0.971	0	0	0	0	0	0	0
MMRF_1344_1_BM_CD138pos	0	0	1|0.961|1	0	0	0	0	0	0	0	0	0	0	0	0	0
MMRF_1349_1_BM_CD138pos	0	0	0	0	1|0.975|1	0	0	0	0	1|0.843|1	0	0	0	0	0	0
MMRF_1352_1_BM_CD138pos	0	0	0	0	0	0	0	0	0	0	0	0	0	0	0	0
MMRF_1356_1_BM_CD138pos	0.982|0.711|1	0	0	0	0	0	0	0	0	0	0	0	0	0	0	1|0.973|1
MMRF_1358_1_BM_CD138pos	0.132|0.054|0.319	0.907|0.735|1	0	0	0	0	0	0	0	0	0	0	0	0	0	0
MMRF_1359_1_BM_CD138pos	0.835|0.68|1	0	0.878|0.405|1	0	0	0	0	0	0	0	0	1|0.911|1	0	0	0	1|0.957|1
MMRF_1361_1_BM_CD138pos	1|0.809|1	0	0	0	0	0	0	0	0	0	0	0	0	0	0	0
MMRF_1365_1_BM_CD138pos	1|0.787|1	0	0	0	0	0	0	0	0	0	0	0	1|0.816|1	0	0	0
MMRF_1371_1_BM_CD138pos	0	0.933|0.773|1	0	0	0	0	0	0	0	0	0	0	0	0	0	0
MMRF_1377_1_BM_CD138pos	0	0	0	0.167|0.112|0.244	0	0	0	0	0	0	0	0	0	0	0	0
MMRF_1380_1_BM_CD138pos	0	0	0	0	0	0	0	0.928|0.757|1	0	0	0	0	0	0	0	0
MMRF_1388_1_BM_CD138pos	0	0	0	0	0	0.961|0.649|1	0	0	0	0	0	0	0	0	0	0
MMRF_1389_1_BM_CD138pos	0	0	0.492|0.31|0.736	0	1|0.873|1	0	0	0	0	0	0	0	0	0	0	0
MMRF_1391_1_BM_CD138pos	0	0	0	0	0	0	0	0	0	0.193|0.091|0.39	0	0	0	0	0	0
MMRF_1392_1_BM_CD138pos	0	0	1|0.868|1	0	0	0	0	0	0	0	0	0	0	1|0.787|1	0	0
MMRF_1393_1_BM_CD138pos	1|0.905|1	0	0	0	0	0	0	0	0	0	0	0	0	0	0	0
MMRF_1395_1_BM_CD138pos	0	1|1|1	0	0	0	0	0	0	0	0	0	0	0	0	0	0
MMRF_1401_1_BM_CD138pos	0	1|0.932|1	0	0	0	0	0	0	0	0	0	0	0	0	0	0
MMRF_1403_1_BM_CD138pos	0	0	0.452|0.357|0.556	0	0	0	0	0	0	0	1|0.934|1	0	0	0	0	0
MMRF_1408_1_BM_CD138pos	0	0	0	0.125|0.051|0.302	0	0	0	0	0	0	0	0	0	0	0	0
MMRF_1413_1_BM_CD138pos	0	0	0	0	0	0.202|0.13|0.276	0	0	0	0	0	0	0	0	0	0
MMRF_1423_1_BM_CD138pos	0	1|0.996|1	0.389|0.264|0.56	0	0	0	0	0	0	0	0	0	0	1|1|1	0	0
MMRF_1424_1_BM_CD138pos	0	0	1|0.575|1	0	0	0	0	0	1|0.896|1	0	0	0.666|0.419|0.976	0	0	0	0
MMRF_1425_1_BM_CD138pos	0.63|0.506|0.772	0	0	0	0	0	0	0	0	0	0	0	0	0	0	0
MMRF_1426_1_BM_CD138pos	0.974|0.848|1	0	0	0	0	0	0	1|0.68|1	0	0	0	0	0	0	1|0.785|1	0
MMRF_1432_1_BM_CD138pos	0	0	0	0	0	0	0	0	0	0	0	1|0.743|1	0	0	0	0
MMRF_1433_1_BM_CD138pos	0	0	0	0	1|0.948|1	0	0	0	0	0	0	0	0	0	0	0
MMRF_1434_1_BM_CD138pos	1|0.886|1	0	0	0	0	0	0	0.793|0.582|1	0	0	0	0	0	0	0	0
MMRF_1436_1_BM_CD138pos	0	0.987|0.814|1	0	0	0	0	0	0	0	0	0	0	0	0	0	0
MMRF_1439_1_BM_CD138pos	0	0	1|0.977|1	0	0	0	0	0	0	0	0	0	0	0	0	0
MMRF_1445_1_BM_CD138pos	0	0	0.163|0.106|0.246	0	0	0	0	0	0	0	0	0	0	0	0	0
MMRF_1446_1_BM_CD138pos	0	0	0	1|1|1	0	0	0	0	0	0	0	0	0	0	0	0
MMRF_1447_1_BM_CD138pos	0	0.323|0.186|0.535	0	0	0	0	0	1|0.862|1	0	0	0	0.691|0.448|1	0	0	0	0
MMRF_1450_1_BM_CD138pos	0	0	1|0.827|1	0	0	0	0	0	0	0	0	0	0	0	0	0
MMRF_1451_1_BM_CD138pos	0.743|0.47|1	0	0	0.078|0.032|0.184	0	0.055|0.027|0.109	0	0	0	0	0	0	0	0	0	0
MMRF_1453_1_BM_CD138pos	0	0	0	0	0	0	0	0	0.119|0.072|0.193	0	0	0	0	0	0	0
MMRF_1454_1_BM_CD138pos	0	0	0	0	0	0	0	0.96|0.84|1	0	0.115|0.051|0.256	0	0	0	0	0	0
MMRF_1460_1_BM_CD138pos	0	0	0	0	0	0	0	0	0	0	0	0	0	0	0	0
MMRF_1461_1_BM_CD138pos	0	0	0	0	0.915|0.822|0.977	0	0	0	0	0	0	0.975|0.84|1	0	0	0	0
MMRF_1462_1_BM_CD138pos	0.595|0.37|0.895	0	0.905|0.566|1	0	0	0	0	0	0	0	0	0	0	0	0	0
MMRF_1466_1_BM_CD138pos	0.851|0.681|1	0	0	0	0	0	0	0	0	0	0	0	0	1|1|1	0	0
MMRF_1478_1_BM_CD138pos	0	0	0	0	0	0	0	0	0	0	0	0	0	0	0	0
MMRF_1485_1_BM_CD138pos	0.331|0.233|0.462	0	0	0	0	0	0	0	0	0	0	1|0.695|1	0	0	0	0
MMRF_1489_1_BM_CD138pos	0	0	1|0.677|1	0.213|0.125|0.357	0	0	0	0	0	0	0	0	0	0	0	0
MMRF_1491_1_BM_CD138pos	0	0	1|0.969|1	0	0	0	0	0	1|1|1	0	0	0	0	0	0	0
MMRF_1497_1_BM_CD138pos	0	0	0	0	0	0.247|0.111|0.485	1|0.623|1	0	0	0	0	0	0	0	0	0
MMRF_1501_1_BM_CD138pos	0	0	0	0	0	0	0	0	0	0	0	0.176|0.1|0.307	0	0	0	0
MMRF_1502_1_BM_CD138pos	0.817|0.678|0.972	0	0	0	0	0	0	0	0	0	0	0	0	0	0	0
MMRF_1505_1_BM_CD138pos	0.971|0.837|1	0	0	0	0	0	0	0	0	0	0	0	0	0	0	0
MMRF_1506_1_BM_CD138pos	0.731|0.591|0.883	0	0	0	0	1|0.956|1	0	0	0	0	0	0	0	0	0	0
MMRF_1510_1_BM_CD138pos	0	0	1|1|1	0	1|0.943|1	0	0	0	0	0	0	0	0	0	0	0
MMRF_1511_1_BM_CD138pos	0	0	0	0	0	0	0	0	0	0	0	0	0	1|0.826|1	0	0
MMRF_1512_1_BM_CD138pos	0.268|0.194|0.365	0	0	0	0	0	0	0	0	0	0	0	1|1|1	0	0	0
MMRF_1516_1_BM_CD138pos	0	0.804|0.609|1	0	0	0	0	0	0	0	0	0	0	0	0	0	0
MMRF_1519_1_BM_CD138pos	0	0.599|0.399|0.869	0	0	0.464|0.265|0.68	0	0	0	0	0	0	0	0	0	0	0
MMRF_1522_1_BM_CD138pos	0	0.558|0.378|0.793	0	0	0	0	0	0	0	0	0	0	0	0	0	0
MMRF_1523_1_BM_CD138pos	0	0.887|0.795|0.982	0	0	0	0	0	0	0	0	0	0	0	0.818|0.596|1	0	0
MMRF_1525_1_BM_CD138pos	0.179|0.073|0.428	0	0	0	0	0	0	0	0	0	0	0	0	0	0	0
MMRF_1531_1_BM_CD138pos	0.116|0.075|0.178	0.772|0.621|0.936	1|1|1	0	0	0	0	0	0	0	0	0	0	0	0	0
MMRF_1534_1_BM_CD138pos	0	0	0	0	0	1|0.893|1	0	0	0	0	0	0	0	0	0	0
MMRF_1537_1_BM_CD138pos	0	0.888|0.652|1	0	0	0	0	0	0	0	0	0	0	0	0	0.173|0.063|0.472	0
MMRF_1538_1_BM_CD138pos	0	1|1|1	0	0	0	0	0	0	0	0	0	0	0	0	0	0
MMRF_1539_1_BM_CD138pos	0	1|0.971|1	0	0	0	0	0	0	0	0	0	0	0	0	0	0
MMRF_1541_1_BM_CD138pos	0	0	0	0	0.34|0.214|0.526	0	0.278|0.101|0.709	0	0	0	0.262|0.136|0.495	0	0	0	0.658|0.5|0.837	0
MMRF_1543_1_BM_CD138pos	0	0.751|0.649|0.864	0	0	0	0	0	0	0	0	0	0	0	0	0	0
MMRF_1546_1_BM_CD138pos	0	1|0.901|1	0.937|0.543|1	1|0.926|1	0	0	0	0	0	0	0	0	1|1|1	0	0	0
MMRF_1547_1_BM_CD138pos	0	0	0	0	0	0	0	0	0	0	0	0	0	0	0	0
MMRF_1550_1_BM_CD138pos	0	0	0	0	0	0	0	0	0	0	0	0	0	0	0	0
MMRF_1555_1_BM_CD138pos	0	0	0	0	0	0	0	0	0	0	0	0	0	0	0	0
MMRF_1560_1_BM_CD138pos	0	0	0	0	0	0	0	0	0	1|0.913|1	0.941|0.789|1	0	0	0	0	0
MMRF_1564_1_BM_CD138pos	0	1|1|1	0	1|1|1	0	0	0	0	0	0	0	0	0	0	0	0
MMRF_1565_1_BM_CD138pos	0.931|0.704|1	0	0	0	0.256|0.143|0.442	0	0	0	0	0	0	0	0	0	0	0
MMRF_1570_1_BM_CD138pos	0	0	0	0	0	0	0	0	0	0	0	0	0	0	0	0
MMRF_1572_1_BM_CD138pos	0	0	0	0	0.209|0.128|0.328	0.639|0.479|0.804	0	0	0	0	0	0	0	0	0	0.426|0.272|0.619
MMRF_1573_1_BM_CD138pos	0.366|0.255|0.514	0	0	0	0	0	0	0	0	0	0	0	0	0	0	0
MMRF_1574_1_BM_CD138pos	0.238|0.113|0.476	0	0	0.179|0.093|0.335	0	0	0	0	0	0	0	0	0	0	0	0
MMRF_1576_1_BM_CD138pos	0	0	0	0	0	0	0.693|0.443|1	0	0	0	0	0	0	0	0	0
MMRF_1577_1_BM_CD138pos	0	1|0.782|1	0	0	0	0	0	0	0	0	0	0	0	0	0	0
MMRF_1579_1_BM_CD138pos	0.732|0.611|0.867	0	0	0	0	0	0	0	0	0	0	0	0	0	0	0
MMRF_1583_1_BM_CD138pos	0	0.95|0.861|1	0	0	0	0	0	0	0	0	0	0	0	0	0	0
MMRF_1587_1_BM_CD138pos	0.747|0.65|0.85	0	0	0	0	0	0	0	0	0	0	0	0	0	0	0
MMRF_1588_1_BM_CD138pos	0.117|0.063|0.216	0.185|0.092|0.361	0	0	0	0	0	0	0	0	0	0	0	0	0	0
MMRF_1589_1_BM_CD138pos	0	0	0	0	0	0	0	0	0	0	0	0	0	0	0	0
MMRF_1593_1_BM_CD138pos	0.093|0.058|0.147	0	0	0	0	0	0	0	0	0	0	0	0	0	0	0
MMRF_1595_1_BM_CD138pos	0	0	0	0	0	0	0	0	0	0	0	0	0	0	0	1|0.797|1
MMRF_1596_1_BM_CD138pos	0	0	0	0	0	0	0	0	0.571|0.472|0.667	0	0	0	0	0	0	0
MMRF_1597_1_BM_CD138pos	0	0	0	0.265|0.164|0.405	0	0	0	0	0	0	0	0	0	0	0.42|0.325|0.526	0
MMRF_1602_1_BM_CD138pos	0.297|0.213|0.409	0	0	0	0	0	0	0	0	0	0.571|0.387|0.802	0	0	0	0	0
MMRF_1603_1_BM_CD138pos	0.743|0.607|0.893	0.179|0.093|0.335	0	0	0	0	0	0	0	0	0	0	0	0	0	0
MMRF_1605_1_BM_CD138pos	0	0	0	0	0	0.194|0.112|0.323	0	0	0	0	0	0	0	0	0	0
MMRF_1607_1_BM_CD138pos	0.82|0.542|1	0	0	0	0	0	0	0	0	0	0	0	0	0	0	0
MMRF_1608_1_BM_CD138pos	0	0	1|0.784|1	0	0	0	0	0	0	0	0	0	0	0	0	0
MMRF_1610_1_BM_CD138pos	0.26|0.166|0.399	0	0	0	0	0	0	0	0	0	0	0	0	0	0	0
MMRF_1613_1_BM_CD138pos	0	0	0	0	0	0	0	0	0	0	0	0	0	0	0	0
MMRF_1614_1_BM_CD138pos	0.234|0.111|0.472	0.32|0.207|0.482	0.644|0.312|1	0	0	0	0	0	0	0	0	0	0	0	0	0
MMRF_1618_1_BM_CD138pos	0	0	0	0	0	0	0	0	0	0	0	0	0	0	0	0
MMRF_1621_1_BM_CD138pos	0	0	0	0	0	0	0	0	0	0	0	0	0	0	0	0
MMRF_1622_1_BM_CD138pos	0	1|0.905|1	0	0	0	0	0	0	0	0	0	0	0	0	0	0
MMRF_1624_1_BM_CD138pos	0	0	0	0	0	0	0	0	0	0	0	0	0	0	0	0
MMRF_1625_1_BM_CD138pos	0.842|0.716|0.977	0	1|1|1	0	0	0	0.153|0.062|0.365	0	0	0	0.949|0.758|1	0	0	0	0	0
MMRF_1627_1_BM_CD138pos	0	0	0	1|0.929|1	0	0	0	0	0	0	0	0	0	0	0	0
MMRF_1628_1_BM_CD138pos	0	0	0	0	0	0	0	0	0	0	0	0	0	0	0	0
MMRF_1629_1_BM_CD138pos	0	0	0	0	0	0	0	0	0	0.863|0.629|1	0	0	0	0	0	0
MMRF_1630_1_BM_CD138pos	0	0	0	0.963|0.775|1	0	0	1|1|1	0	0	0	0	0	0	0	0	0
MMRF_1633_1_BM_CD138pos	0	0	0	0.163|0.089|0.289	0.14|0.069|0.277	0	0	0	0	0	0	0	1|0.813|1	0	0	0
MMRF_1634_1_BM_CD138pos	0.854|0.614|1	0	0	0	0	0	0	0	0	0	0	0	0	0	0	0
MMRF_1637_1_BM_CD138pos	0	0	1|0.809|1	0	0	0	0	1|0.738|1	0	0	0.667|0.612|0.667	0	0	0	0	0
MMRF_1639_1_BM_CD138pos	0	0.458|0.272|0.73	0	0	0	0	0	0	0	0	0	0	0	0	0	0
MMRF_1641_1_BM_CD138pos	0	0	0	0	0	0	0	0	0.935|0.771|1	0	0	0.858|0.624|1	0	0	0	0
MMRF_1642_1_BM_CD138pos	0	0	0	0	0	0	0	0	0	0	0	1|0.735|1	0	0	0	0
MMRF_1643_1_BM_CD138pos	0	0	0.669|0.342|1	0	0.74|0.532|0.988	0	0	0	0	0	0	0	0	0	0	0
MMRF_1644_1_BM_CD138pos	0.828|0.7|0.963	0	0	0	0	0	0	0	0	0	0	1|0.723|1	0	0	0	0
MMRF_1646_1_BM_CD138pos	0	0	0.919|0.553|1	0	0	0	0	0	0	0	0	0	0	0	0	0
MMRF_1648_1_BM_CD138pos	0	1|1|1	0	0	1|1|1	0	0	0	0	0	0	0	0	0	0	0
MMRF_1650_1_BM_CD138pos	0.231|0.147|0.355	0.138|0.065|0.285	0	0	0	0	0	0	0	0	0	0	0	0	0	0
MMRF_1652_1_BM_CD138pos	0	0	1|1|1	0	0	0	0	0	0	0	0	0	0	0	0	0
MMRF_1654_1_BM_CD138pos	0.355|0.236|0.522	0	0	0	1|0.734|1	0	0	0	0	0	0	0	0	0	0	0
MMRF_1655_1_BM_CD138pos	1|0.818|1	0	0	0	0	0	0	0	0	0	0	0	0	0	0	0
MMRF_1665_1_BM_CD138pos	0	0	0	0	0	0	0	0	0	0	0	0	0	0	0	0
MMRF_1672_1_BM_CD138pos	0	0	1|0.906|1	0	0	1|1|1	0	0	0	0	0	0	0	0	0	0
MMRF_1674_1_BM_CD138pos	0	0	0	0	1|0.953|1	0	0	0	0	0	0	0	0	0	0	0
MMRF_1676_1_BM_CD138pos	0.683|0.513|0.88	0	1|1|1	0	0	0	0	0	0	0	0	0	0	0	0	0
MMRF_1678_1_BM_CD138pos	0	0	0	0	0	0	0.228|0.093|0.533	0	0	0	0	0	0	0	0.352|0.245|0.494	0
MMRF_1680_1_BM_CD138pos	0	0	0	0.126|0.073|0.213	0	0	0	0	0	0	0	0	0	0	0	0
MMRF_1682_1_BM_CD138pos	0.647|0.374|1	0	1|1|1	0	0	0	0	0	0	0	0	0	0	0	0	0
MMRF_1683_1_BM_CD138pos	0	0	0	0	1|1|1	0	0	0	0.965|0.746|1	0	0.894|0.668|1	0.331|0.242|0.446	0	0	0	0
MMRF_1686_1_BM_CD138pos	0	0	0	0	0	0	0	0	0	0	0	0	0	0	0	0
MMRF_1687_1_BM_CD138pos	0	0.262|0.15|0.445	0	0	0	0	0	0	0	0	0	0	0	0	0	0
MMRF_1690_1_BM_CD138pos	0.36|0.232|0.525	0	1|0.854|1	0	0	0	0	0	0	0	0	0	0	0	0	0
MMRF_1694_1_BM_CD138pos	0	0	0	0	0	0	0	0	0	0	0	0	0	0	0	0
MMRF_1695_1_BM_CD138pos	0	0	0	0	0	0	0	0	0	0	0	0	0.607|0.385|0.918	0	0	0
MMRF_1698_1_BM_CD138pos	0.922|0.751|1	0	0	0	0	0	0	0	0	0	0	0	0	0	0	0
MMRF_1700_1_BM_CD138pos	0	0	0	0	0	0	0	0	0	0	0	0	0	0	0	0
MMRF_1705_1_BM_CD138pos	0	0	0	0	0	0.429|0.267|0.649	0	0	0	0	0	0	0	1|1|1	0	0
MMRF_1710_1_BM_CD138pos	0	0	0	0	0	0	0	0	0.43|0.156|0.981	0	0	0	0	0	0	0
MMRF_1714_1_BM_CD138pos	0.887|0.754|1	0	0	0	0	0	0	0	0	0	0	0	1|1|1	0	0	0
MMRF_1715_1_BM_CD138pos	0	0	0	0	0	0	0	0	0	0	0	0	0	0	0	0
MMRF_1716_1_BM_CD138pos	0	0	0	0	0	0	1|0.734|1	0	0	0	0	0	0	0	0	0
MMRF_1719_1_BM_CD138pos	0	0.922|0.814|1	0	1|0.794|1	0	0	0	0	0	0	0	0	0	0	0	0
MMRF_1721_1_BM_CD138pos	0	0	0	0	0	0	0	0	0	0	0	0	0	0	0	0
MMRF_1723_1_BM_CD138pos	0	0	0.81|0.442|1	0	0	1|0.987|1	0	0	0	0	0	0	0	0	0	0
MMRF_1725_1_BM_CD138pos	0	0	0	0	0	0.127|0.078|0.171	0	0	0	0	0	0	0	0	0	0
MMRF_1726_1_BM_CD138pos	0.516|0.326|0.771	0	0	0	0	0	0	0	0	0	0	0	0	0	0.299|0.109|0.627	0
MMRF_1727_1_BM_CD138pos	0	0	0	0	0.137|0.076|0.243	0	0	0	0	0	0	0	0	0	0	0
MMRF_1730_1_BM_CD138pos	0	1|0.952|1	1|0.893|1	0	0	0	0	0	0	0	0	0	0	0	0	0
MMRF_1735_1_BM_CD138pos	0	1|0.993|1	0	0	0	0	0	0	0	0	0	0	0	0	0	0
MMRF_1736_1_BM_CD138pos	0	0.842|0.663|1	0	0	0	0	0	0	0	0	0	0	0	0	0	0
MMRF_1738_1_BM_CD138pos	0	0	0	0	0	0	0	0	0	0	0	0	0	0	0	0
MMRF_1739_1_BM_CD138pos	0	0.927|0.762|1	0	0.245|0.192|0.311	0	0	0	0	0	0	0	0	0	0	0	0
MMRF_1740_1_BM_CD138pos	0	0.995|0.747|1	0	0	0	0	0	0	0	0	0	0	0	0	0	0
MMRF_1750_1_BM_CD138pos	0	0	0	0	0	0	0	0	0	0	0	0	0	0	0	0
MMRF_1755_1_BM_CD138pos	0	0	0	0	0	0	0	0	1|0.893|1	0	0	0	0	0	0	0
MMRF_1758_1_BM_CD138pos	0	0	0	0.139|0.079|0.234	0	0	0	0.637|0.528|0.758	0	0	0	0	0	0	0	0
MMRF_1759_1_BM_CD138pos	0	0.933|0.748|1	0	0	0	0	0	0	0	0	0	0	0	0	0	0
MMRF_1760_1_BM_CD138pos	0.284|0.17|0.46	0	0	0	0	0	0	0	0	0	0	0	0	0	0	0
MMRF_1763_1_BM_CD138pos	0.977|0.809|1	0	0	0	0	0	0	0	0	0	0	0	0	0	0	0
MMRF_1766_1_BM_CD138pos	0	0.972|0.853|1	0	1|1|1	0	0	0	0	0	0	0	0	0	0	0	0
MMRF_1768_1_BM_CD138pos	0	0	0	0.864|0.636|1	0	0	0	0	0	0	0	0	0	0	0.274|0.139|0.489	0
MMRF_1771_1_BM_CD138pos	0	1|0.989|1	0	0	0	0	0	0	0	0	0	0	0	0	0	0
MMRF_1773_1_BM_CD138pos	0.834|0.706|0.967	0	0.822|0.542|1	0	0	0	0	0	0	0	0	0	0	0	0	0
MMRF_1774_1_BM_CD138pos	0	0	0	0	0	0	0	0	1|1|1	0	0	0.369|0.165|0.754	0	0	0	0
MMRF_1775_1_BM_CD138pos	1|0.86|1	0	0	0	0	0	0	0	0	0	0	0	0	0	0	0
MMRF_1777_1_BM_CD138pos	0	0.352|0.183|0.647	0	0	0	0	0	0	0	0	0	0	0	0	0	0
MMRF_1778_1_BM_CD138pos	0	0	0	0	0	0.991|0.871|1	0	0	0	0	0	0	0	0	0	0
MMRF_1780_1_BM_CD138pos	0	0.977|0.788|1	0	0	0	0	0	0	0	0	0	0	0	0	0	0.955|0.879|1
MMRF_1781_1_BM_CD138pos	0	0	0	0	0	0	0	0	0	0	0	0	0	0	0	0
MMRF_1782_1_BM_CD138pos	0	0.922|0.744|1	0	0	0.25|0.127|0.447	0	0	0	0	0	0	0.127|0.072|0.221	0	0	0	0.303|0.154|0.53
MMRF_1783_1_BM_CD138pos	0	0	0	0	0	0	0	0	0	0	0	0	0	0	0	0
MMRF_1784_1_BM_CD138pos	0	0	0	0	0	0	0	0	0	0	0	0	0	0	0	0
MMRF_1785_1_BM_CD138pos	0	0	0	0	0.996|0.828|1	1|0.917|1	0	0.94|0.496|1	0	0.818|0.682|0.962	0	0	0	0	0	0
MMRF_1786_1_BM_CD138pos	0.325|0.247|0.423	0.611|0.456|0.793	0	0	0	0	0	0	0	0	0	0	0	0	0	0
MMRF_1787_1_BM_CD138pos	0	0	0	0	0	0	0	0	0	0	0	0	0	0	0	0
MMRF_1790_1_BM_CD138pos	0	0	0	0	0	0	0	0	0	0	0	0	0	0	0	0
MMRF_1792_1_BM_CD138pos	0.828|0.683|0.983	0	0.236|0.167|0.324	0	0	0	0	0	0	0	0	0	0	0	0	0
MMRF_1793_1_BM_CD138pos	1|0.785|1	0	0	0	0	0	0	0	0	0	0	0	0	0	0	0
MMRF_1794_1_BM_CD138pos	0	0	0	0	0.959|0.787|1	0	0	0	0	0	0	0	0	0	0	0
MMRF_1796_1_BM_CD138pos	0	0	0	0	0	1|1|1	0	0	0	0	0.893|0.734|1	0.783|0.602|0.981	0.792|0.569|1	0	0	0
MMRF_1797_1_BM_CD138pos	0	0	0	0	0.8|0.602|1	0	0	0	0	0	0	0	0	0.955|0.721|1	0	0
MMRF_1801_1_BM_CD138pos	0	0	0	0.538|0.414|0.684	0	0	0.264|0.132|0.498	0	0	0	0.725|0.561|0.907	0	0.953|0.754|1	0	0	1|0.843|1
MMRF_1802_1_BM_CD138pos	0	0.974|0.767|1	0	0	0	0	0	0	0	0	0	0	0	0	0	0
MMRF_1803_1_BM_CD138pos	0	0	0	0	0	0	0	0	0	0	0.683|0.548|0.841	0	0	0	0	0
MMRF_1810_1_BM_CD138pos	0	0	0	0	0	0.97|0.828|1	0	0	0	0	0	0	0	0	0	0
MMRF_1814_1_BM_CD138pos	0	0	1|1|1	0	0	0	0	0	0.137|0.061|0.304	0	0	0	0	0	0	0
MMRF_1815_1_BM_CD138pos	0	0	0	0	0	0	0	0	0	1|0.963|1	0	0	0	0	0	0
MMRF_1816_1_BM_CD138pos	0	0	0	0	0	0	0	0	0	0	0	0	0	1|1|1	0	0
MMRF_1817_1_BM_CD138pos	0	0	0	0	0	0	0	0	0	0	0	0	0	0	0	0
MMRF_1820_1_BM_CD138pos	0	0.767|0.551|1	0	0	0	0	0	0	0	0	0	0	0	0	0	0
MMRF_1822_1_BM_CD138pos	0.266|0.144|0.469	0	0	0	1|0.984|1	0	0	0	0	0	0	0	0	0	0	0
MMRF_1823_1_BM_CD138pos	0.969|0.829|1	0	0	1|0.894|1	0	0.408|0.265|0.583	0	0	0	0	0	0	0	0	0	1|0.983|1
MMRF_1824_1_BM_CD138pos	0.342|0.152|0.713	0	0	0	0	0	0	0	0	0	0	0	0	0	0	0
MMRF_1825_1_BM_CD138pos	0	0	0	0	0	0	0	0	0	0	0	0	0	0	0	0
MMRF_1830_1_BM_CD138pos	0.82|0.68|0.968	0	1|0.654|1	0	0	0	0	0	0	0	0	0	0	0	0	0
MMRF_1831_1_BM_CD138pos	0	0	0.969|0.709|1	0	0	0	0	0	1|0.965|1	0	0	0	0	0	0.497|0.207|0.89	0
MMRF_1832_1_BM_CD138pos	0	0	0	0	0	0	0	0	0	0	0	0	1|0.886|1	0	0	0
MMRF_1833_1_BM_CD138pos	0.442|0.224|0.787	0	0	0	0.744|0.554|0.957	0.589|0.395|0.832	0	0	0	0	0	0	0	0	0	0
MMRF_1834_1_BM_CD138pos	1|0.818|1	0	0	0	0	0	0	0	0	0	0	0	0	0	0	0
MMRF_1835_1_BM_CD138pos	0	0.312|0.204|0.465	0	0	0	0	0	0	0	0	0	0	0	0	0	0
MMRF_1837_1_BM_CD138pos	0	1|0.889|1	0	0	1|1|1	0	0	0	0	0	0	0	0	0	0	0
MMRF_1838_1_BM_CD138pos	0	0.772|0.601|0.963	0	0	0	0	0	0	0	0	0	0	0	0	0	0
MMRF_1839_1_BM_CD138pos	0	0	0	0	0	0	0	0	0.705|0.544|0.883	0	0	0	0	1|1|1	0	0
MMRF_1841_1_BM_CD138pos	0	0	0	0	0	0	0	0	1|0.954|1	0	0	0	0	0	0	0
MMRF_1842_1_BM_CD138pos	0.746|0.48|1	0	1|0.702|1	0	0	0	0	0	0	0	0	0	0	0	0	0
MMRF_1845_1_BM_CD138pos	0	0	0	0	0	0	0.179|0.079|0.386	0	0	0	0	0	0	0	0	0
MMRF_1846_1_BM_CD138pos	0	0	1|0.774|1	0	0	0	0	0	0	0	0	0	0	0	0	0
MMRF_1850_1_BM_CD138pos	0	0.969|0.846|1	0	1|0.989|1	0	0	0	0	0	0	0	0	0	0	0	0
MMRF_1851_1_BM_CD138pos	0	0	0	0	1|0.941|1	0	0	0	0	0	0	0	0	0	0	0
MMRF_1855_1_BM_CD138pos	0	0	0	0	0	0	0	0	0	0	0	0	0	0	0	0
MMRF_1856_1_BM_CD138pos	0.859|0.632|1	0	0	0	0	0	0	0	0	0	0	0	0	0	0	0
MMRF_1858_1_BM_CD138pos	0	1|0.983|1	0	0	0	0	0	0	0	0	0	0	0	0	0	0
MMRF_1859_1_BM_CD138pos	0	0	0	0.486|0.364|0.622	0	0	0	0	0	0	0	0	0	0	1|0.886|1	0
MMRF_1860_1_BM_CD138pos	0.778|0.645|0.923	0	0	0	0	0	0	0	0	0	0	0	0	0	0	0
MMRF_1861_1_BM_CD138pos	0	0.586|0.353|0.929	0	0	0	0	0	0	0	0	0	0	0	0	0	0
MMRF_1862_1_BM_CD138pos	0	0	0.369|0.294|0.452	0	0	0	0	0	0	0	0	0	0	0	0	0
MMRF_1865_1_BM_CD138pos	0	0.761|0.664|0.866	0	0	0	0	0	0	0	0	0	0	0	0	0.872|0.681|1	0
MMRF_1867_1_BM_CD138pos	0	1|0.793|1	0	0	0	0	0	0	0	0	0	0	0	0	0	0
MMRF_1871_1_BM_CD138pos	0	0.918|0.817|1	0	0	0	0	0	0	0	0	0	0	0	0	0	0
MMRF_1876_1_BM_CD138pos	0.222|0.141|0.344	0	0	0.783|0.642|0.94	0.282|0.184|0.415	0	0	0	0	0	0	0	0	0	0	0
MMRF_1879_1_BM_CD138pos	0	0	0	0	0	0	0	1|0.998|1	0	0	0	0	0	0	0	0
MMRF_1881_1_BM_CD138pos	0	0.783|0.671|0.9	0	0	0	0	0	0	0	0	0	0	0	0	0	0
MMRF_1882_1_BM_CD138pos	0	0	1|0.886|1	0	0	0	0	0.974|0.819|1	0	0	0	0	0	0	0	0
MMRF_1886_1_BM_CD138pos	1|0.773|1	0	0	0	0	0	0	0	0	0	0	0	0	1|0.824|1	0	0
MMRF_1888_1_BM_CD138pos	0	0	0	0	0	0	0	0	0	0	0	0	0	0	0	0
MMRF_1890_1_BM_CD138pos	0	0	0	0	0	0	0	0	0.273|0.167|0.432	0.194|0.101|0.367	0	0	0	0	0	0
MMRF_1891_1_BM_CD138pos	0	0	0	0.111|0.058|0.212	0	0.232|0.141|0.358	0	0	0	0	0	0	0	0	0	0
MMRF_1895_1_BM_CD138pos	0	0	0	0	0	0	0	0	0	0	0	0	0	0	0	0
MMRF_1900_1_BM_CD138pos	0.214|0.087|0.503	0	0.302|0.214|0.414	0	0	0	0	0	0.163|0.067|0.388	0	0	0	0	0.708|0.496|0.97	0	0
MMRF_1908_1_BM_CD138pos	0	0.533|0.405|0.682	0	0	0	0.666|0.415|0.886	0	0	0	0	0	0	0	0	0	0
MMRF_1911_1_BM_CD138pos	0	0.475|0.407|0.551	0	0	0	0.078|0.043|0.138	0.446|0.265|0.704	0	0	0	0	0	0	0	0	0
MMRF_1915_1_BM_CD138pos	0	0	0	0	0	0	0.399|0.191|0.751	0	0.27|0.156|0.445	0	0	0	0	0	0	0
MMRF_1916_1_BM_CD138pos	0	0	0	0	0	0	0	0	0	0	0	0	0	0	0	0
MMRF_1917_1_BM_CD138pos	0	0	0	0	0	0	0	0	0	0	0	0	0	0	0	0
MMRF_1918_1_BM_CD138pos	0	0	0	0	0	0	0.856|0.599|1	0	0	0	0	0	0	0.88|0.666|1	0	0
MMRF_1921_1_BM_CD138pos	0	0	0	0	0	0	0.696|0.403|1	0	0	0	0	0	0	0	0	0
MMRF_1922_1_BM_CD138pos	0	0.997|0.873|1	0	0	0	0	0	0	0	0	0	0	0	0	0	0
MMRF_1928_1_BM_CD138pos	0	0	1|0.84|1	0.139|0.075|0.255	0	0	0	0	0	0	0	0	0	0	0	0
MMRF_1929_1_BM_CD138pos	0.179|0.132|0.241	0	0	0	0.252|0.183|0.339	0	0	0	0.614|0.452|0.807	0	0.303|0.194|0.46	0	0	0	0	1|1|1
MMRF_1931_1_BM_CD138pos	0	0	1|1|1	0	0	0	0	0	0	0	0	0	0	0	0	0
MMRF_1932_1_BM_CD138pos	1|0.922|1	0	0	0.202|0.106|0.358	0	0	0	0	0	0	0	0	0	0	0	0
MMRF_1940_1_BM_CD138pos	0.553|0.35|0.845	0	0	0	0	0	0	0	0	0	0	0	0	0	0	0
MMRF_1955_1_BM_CD138pos	0.153|0.089|0.258	0.349|0.272|0.443	0	0	0	0	0	0	0	0	0	0	0	0	0	1|0.886|1
MMRF_1957_1_BM_CD138pos	0	0	0	0	0	0	0	0	0	0	0.313|0.139|0.659	0	0	0	0	0
MMRF_1960_1_BM_CD138pos	0	0	0	0	0	0	0	0.808|0.513|1	0	0	0	0	0	0	0	0
MMRF_1963_1_BM_CD138pos	0	0	0	0	0	0	0	0	0	0	0	0	0	0	0	0.948|0.819|1
MMRF_1965_1_BM_CD138pos	0.43|0.343|0.532	0	0	0	0	0	0	0	0	0	1|1|1	0	0	0	0	0
MMRF_1967_1_BM_CD138pos	0	0	0	0	0	0	0	0	0	0	0	0.162|0.098|0.263	0	0	0	0
MMRF_1970_1_BM_CD138pos	0	0	0	0	0	0	1|0.708|1	0	0	0	0	0	0	0	0	0
MMRF_1971_1_BM_CD138pos	0	0	0	0.67|0.48|0.907	0	0	0.973|0.578|1	0	0	0	0.145|0.072|0.287	0	0	0	0	0
MMRF_1972_1_BM_CD138pos	0.76|0.621|0.913	0	0	0	0	0	0	0	0	0	0.808|0.64|1	0	0	0	0	0
MMRF_1977_1_BM_CD138pos	0	0	0	0.151|0.092|0.24	0	0	0	0	0	0	0	0	0	0	0	0
MMRF_1978_1_BM_CD138pos	1|1|1	0	0	0	0	0	0	0	0	0	0	0	0	0	0	0
MMRF_1981_1_BM_CD138pos	0	0	0	0	0	0	0	0	0.751|0.544|0.953	0	0	0	0	0	0	0
MMRF_1982_1_BM_CD138pos	0.737|0.504|1	0	0	0	0	0	0	0	0	0	0	0	0	0	0	0
MMRF_1985_1_BM_CD138pos	0	1|0.906|1	0	0	0	0	0	0	0	0	0	0	0	1|1|1	0	0
MMRF_1986_1_BM_CD138pos	0	0	0	0	1|0.864|1	0	0.956|0.643|1	0	0	0	0	0.891|0.649|1	0	0	0	0
MMRF_1988_1_BM_CD138pos	0	0.579|0.46|0.722	0	0	0	0	0	0	0	0	0	0	0	0.736|0.515|1	0.923|0.736|1	0
MMRF_1991_1_BM_CD138pos	0	0	0	0	0	0	0.959|0.627|1	0	0.209|0.131|0.327	0	0	0	0	0	0	0
MMRF_1994_1_BM_CD138pos	0	0.737|0.651|0.827	0	0	1|0.998|1	0	0	0	0	0	0	0	0	0	0	0
MMRF_1995_1_BM_CD138pos	0	0.705|0.469|1	0	0	0	0	0	1|0.964|1	0	0	0	0	0	0	0	0
MMRF_1997_1_BM_CD138pos	0.274|0.143|0.508	0	0	0	0	0	0	0	0	0	0	0	0	0	0	0
MMRF_1998_1_BM_CD138pos	0	1|0.944|1	0.975|0.682|1	0	0	0	0	0	0	0	0	0	0	0	0	0
MMRF_1999_1_BM_CD138pos	0.135|0.078|0.229	0	0	0	0	1|0.995|1	0	0	0	0	0	0	0	0	0	0
MMRF_2000_1_BM_CD138pos	0	0	0	0	0	0	0	0	0	0	0	0	0	0	0	0
MMRF_2001_1_BM_CD138pos	0	0	0	0	0	0	0	1|0.784|1	0	0	0	0	0	0	0	0
MMRF_2002_1_BM_CD138pos	0	0	0	0	0	0.404|0.238|0.618	0	0	0	0	0	0	0	0	0	0
MMRF_2005_1_BM_CD138pos	0	0	0	0	0.308|0.213|0.434	0	0.868|0.619|1	0	0	0	0	0	0	0	0	0
MMRF_2006_1_BM_CD138pos	0	0	0	0	0	0	0	0	0	0.14|0.073|0.266	0	0	0	0	0	0
MMRF_2007_1_BM_CD138pos	0	0.67|0.483|0.888	0	0	1|0.878|1	0	0	0	0	0	0	0	0	0	0	0
MMRF_2012_1_BM_CD138pos	0	0	0	0	0	0	0	0	0	0	0	0.94|0.766|1	0	0	0	1|0.986|1
MMRF_2014_1_BM_CD138pos	0	0	0	0	0.741|0.537|0.896	0	0.822|0.532|1	1|0.871|1	0	0	0	0	0	0	0	0
MMRF_2015_1_BM_CD138pos	0	0	0	0	0	0	0	0	1|0.963|1	0	0	0	0	0	0	0
MMRF_2017_1_BM_CD138pos	0	0.776|0.578|1	0	0	1|0.869|1	0	0	0	0	0	0	0	0	0	0	0
MMRF_2018_1_BM_CD138pos	0	0	1|0.799|1	0	0	0	0	0	0	0	0	0	0	0	0	0
MMRF_2024_1_BM_CD138pos	0	0.973|0.808|1	0	0	0	0	0	0	0	0	0	0	0	0	0	0
MMRF_2026_1_BM_CD138pos	0	0	0	0	0	0	1|1|1	0	0	0	0	0	0	0	0	0
MMRF_2039_1_BM_CD138pos	0	0	0.842|0.437|1	0	0	0	0	0	0	0	0	0	0	0	0	0
MMRF_2041_1_BM_CD138pos	0	0	0	0	0	0.847|0.574|1	0	0	0	0	0	0	0	0	0	0
MMRF_2043_1_BM_CD138pos	0	0	0	0.169|0.094|0.299	0	0	0	0	0	0	0	0	0	0	0	0
MMRF_2047_1_BM_CD138pos	1|0.954|1	0	0	0	0	0	0	0	0	0	0	0	0	0	0	0
MMRF_2050_1_BM_CD138pos	0	0.798|0.679|0.927	0	0	0	0	0	0	0	0	0	0	0	0	0	0
MMRF_2054_1_BM_CD138pos	1|0.823|1	0	0	0	0	0	0	0	0	0	0	0	0	0	0	0
MMRF_2055_1_BM_CD138pos	0	1|0.946|1	0	0	0	0	1|0.861|1	0	0	0	0	0	0	0	0	0
MMRF_2056_1_BM_CD138pos	0	1|0.868|1	0	0	0	0	0	0	0	0	0	0	0	0	0	0
MMRF_2058_1_BM_CD138pos	0	0	0	0	0	0.26|0.145|0.452	0	0	0	0	0	0	0	0	0	0
MMRF_2059_1_BM_CD138pos	0	0	0	0	0	0	0	0	0	0	0	0	0	0	0	0
MMRF_2061_1_BM_CD138pos	0	0	0	0	0	0	0	0	0	0	0	0	0	0	0	0
MMRF_2062_1_BM_CD138pos	0.82|0.71|0.936	0	0	0	0	0	0	0	0	0	0	0	0	0	0	0
MMRF_2074_1_BM_CD138pos	0	0.733|0.574|0.91	0	0	0	0	0	0	0	0	0	0	0	0	0	0
MMRF_2076_1_BM_CD138pos	0	0	0	0	0	0	0	0	0	0	0	0	0	0	0	0
MMRF_2079_1_BM_CD138pos	0	0	0	0	0	0	0	0	0	0	0	0.63|0.511|0.77	0	0	0	0
MMRF_2080_1_BM_CD138pos	0	0.155|0.077|0.306	0	0.449|0.365|0.548	0	0	0	1|0.58|1	0	0	0	0	0	0	0	0
MMRF_2081_1_BM_CD138pos	0.822|0.71|0.94	0	0	0	0	0	0	1|0.987|1	0	0	0	0	0	0	0	0
MMRF_2082_1_BM_CD138pos	0	0	1|1|1	0	0	0	0	0	0	0	0	0	0	0	0.956|0.807|1	0
MMRF_2083_1_BM_CD138pos	0.534|0.343|0.784	0	0	0	0	0	0	0	0.596|0.483|0.704	0	0	0	0	0	0	0
MMRF_2087_1_BM_CD138pos	0	0	0	0	0	0	0	0	0	0	0	0	0	0	0	0
MMRF_2089_1_BM_CD138pos	0	0.856|0.714|1	0	0	0	0	0	0	0.868|0.69|1	0	0	0	0	0	0	0
MMRF_2090_1_BM_CD138pos	0	0	0.135|0.06|0.29	0.999|0.821|1	0	0	0	0	0	0	0	0	0	0	0	0
MMRF_2091_1_BM_CD138pos	0	0	0	0	0.065|0.031|0.136	0	0	1|0.886|1	0	0	0	0.991|0.816|1	0	0	0	0.059|0.033|0.102
MMRF_2093_1_BM_CD138pos	0.664|0.554|0.775	0	0	0	0	0	0	0	0	0	0	0	0	0	0	0
MMRF_2097_1_BM_CD138pos	0.374|0.237|0.566	0.615|0.48|0.769	0	0	0	0.107|0.062|0.179	0	0	0	0	0	0	0	0	0	0.319|0.182|0.507
MMRF_2098_1_BM_CD138pos	0	0	0	0	0	0	0.915|0.592|1	0	0	0	0	0	0	0	0	0
MMRF_2101_1_BM_CD138pos	0.658|0.541|0.788	0	0.92|0.704|1	0	0	0	0	0	0	0	0	0	0	0	0	0
MMRF_2102_1_BM_CD138pos	0	0.846|0.685|1	0	0.292|0.199|0.419	0	0	0	0	0	0	0	0	0	0	0	0
MMRF_2106_1_BM_CD138pos	0.305|0.188|0.483	0.346|0.239|0.485	0	0	0	0	0	0	0	0	0	0	0	0	0	0
MMRF_2111_1_BM_CD138pos	0	0	1|0.965|1	0	0	0	0	0	0	0	0	0	0	0	0	0
MMRF_2112_1_BM_CD138pos	0	0	0	0	0	0	0	0	0	0	0	0.168|0.101|0.275	0	0	0	0
MMRF_2115_1_BM_CD138pos	0	0	0.974|0.816|1	0	0	0	0	0	0	0	0	0	0	0	0	0
MMRF_2116_1_BM_CD138pos	0.161|0.076|0.331	0	1|0.982|1	0	0	0	0	0	0	0	0	0	0	0	0	0
MMRF_2118_1_BM_CD138pos	0	0	0.951|0.821|1	1|0.974|1	0	0.317|0.267|0.372	0	0	0	0	0	0	0	0	0	0
MMRF_2119_1_BM_CD138pos	0.952|0.795|1	0	0	0	0	0	0	0	0	0	0	0	0	0	0	0
MMRF_2122_1_BM_CD138pos	0	0	0	0	0	0	0	0	0	0	0	0	0	0	0	0
MMRF_2129_1_BM_CD138pos	0	0	0	0	0	0	0	0	0	0	0	0	0	0	0	0
MMRF_2132_1_BM_CD138pos	0	0	0	0	0	1|0.966|1	0	0	0	0	0	0	0	1|0.898|1	0	0
MMRF_2137_1_BM_CD138pos	0	0	0	0	0.395|0.192|0.695	0	0	0	0	0	0	0	0	0	0	0
MMRF_2138_1_BM_CD138pos	0.567|0.33|0.906	0	0	0	0	0	0	0	0	0	0	0.435|0.243|0.75	0	0	0	0
MMRF_2140_1_BM_CD138pos	0	0	0	0	0	0	0	0	0	0	0	0	0	0.809|0.585|1	1|0.887|1	0
MMRF_2141_1_BM_CD138pos	0.53|0.38|0.724	0	0	0	0	0	0	0	0	0	0	0	0	0	0	0
MMRF_2143_1_BM_CD138pos	0	0	0	0.143|0.074|0.271	0	0	0	0	0	0	0	0	0	0	0	0
MMRF_2144_1_BM_CD138pos	0	0.8|0.619|0.996	0	0	0	0.099|0.044|0.213	0	1|0.85|1	0	0	0	0	0.985|0.849|1	0	0	1|0.928|1
MMRF_2149_1_BM_CD138pos	0.897|0.763|1	0	0	0.428|0.323|0.542	0	0	0	0	0	0	0	0	0	0.926|0.752|1	0	0
MMRF_2150_1_BM_CD138pos	0	0	1|0.968|1	0	0	0	0	0	0	0	0	0	0	0	0	0
MMRF_2151_1_BM_CD138pos	0	0	0	0	0	0	0.468|0.371|0.583	0	0	0	0	0	0	0	0	0
MMRF_2152_1_BM_CD138pos	1|1|1	0	0	0	0	0	0	0	0	0	0	0	0	0	0	0
MMRF_2167_1_BM_CD138pos	0.678|0.546|0.825	0	0.718|0.471|0.919	0.854|0.742|0.941	0	0	0	0	0	0	0	0	0	0	0	0
MMRF_2170_1_BM_CD138pos	0.799|0.627|0.986	0	0	0	0	1|0.895|1	0	0.987|0.83|1	0	0	0	0	0	0	0	0
MMRF_2172_1_BM_CD138pos	0	0	1|1|1	0	0	0	0	0	0.129|0.078|0.211	0	0	0	0	0	0	0
MMRF_2173_1_BM_CD138pos	0.456|0.346|0.589	0	0	0	0	0	0	1|0.842|1	0	0	0	0	0	0	0	0
MMRF_2176_1_BM_CD138pos	0	0	0	0	0	0	0	0	0	1|0.79|1	0	0	0	0	0	0
MMRF_2181_1_BM_CD138pos	0	0	0	0	0	0	0	0	0	0	0	0	0	0	0	0
MMRF_2183_1_BM_CD138pos	0.125|0.045|0.338	0.773|0.622|0.935	1|1|1	0	0	0	0	0	0	0	0	0	0	0	0	0
MMRF_2185_1_BM_CD138pos	0.282|0.21|0.376	0.165|0.096|0.279	0	0	0	0	0	0	0	0	0	0.222|0.143|0.339	0	0	0	0
MMRF_2186_1_BM_CD138pos	0	0.868|0.711|1	0.107|0.071|0.159	0	0	0	0	0	0	0	0	0	0	0	0	0
MMRF_2187_1_BM_CD138pos	0	0.27|0.162|0.436	0	0	0	0	0	0	0	0	0	0	0	0	0	0
MMRF_2190_1_BM_CD138pos	0.583|0.409|0.801	0	0	0	0.157|0.096|0.251	0	0	0	0	0	0	0	1|1|1	0	0	0
MMRF_2194_1_BM_CD138pos	0	0	0	0	0	0	0	0	0.97|0.731|1	0	0	0	0	0	0	0
MMRF_2195_1_BM_CD138pos	0.331|0.174|0.586	0	0	0	0	0	0	0	0	0	0	0	0	0	0	0
MMRF_2197_1_BM_CD138pos	0	0	0	1|0.805|1	0	0.902|0.694|1	0	0	0	0	0.417|0.198|0.837	0	0	0	0	0
MMRF_2198_1_BM_CD138pos	0.595|0.372|0.883	0	0	0	0	0	0	0	0.293|0.176|0.47	0	0	0	0	0	0	0
MMRF_2200_1_BM_CD138pos	0	0	0	0	0	0	1|0.805|1	0	0	0	0	0	0	0	0	0
MMRF_2201_1_BM_CD138pos	0.486|0.306|0.749	0	0	0	0.615|0.363|0.992	0	0	0	0	0	0	0	0	0	0	0
MMRF_2203_1_BM_CD138pos	0	0	0	0.823|0.664|0.991	0	0	0	0	0	0	0	0	0	0	0	0
MMRF_2204_1_BM_CD138pos	0	0	0	0	0	0	0	0	0	0	0	0	0	0	0	0
MMRF_2209_1_BM_CD138pos	0	0	1|0.623|1	0.259|0.165|0.398	0	0.908|0.644|1	0	0	0	0	0	0	0	0	0	0
MMRF_2211_1_BM_CD138pos	0	0	0	0	0	0.989|0.915|1	0	0	0	0	0	0	0	0	0	0
MMRF_2213_1_BM_CD138pos	0	0.829|0.63|1	0	0	0	1|1|1	0	0	0	0	0	0	0	0	0	0
MMRF_2214_1_BM_CD138pos	1|0.984|1	0	0	0	0	0	0	0	0	0	0	0	0	0	0	0
MMRF_2216_1_BM_CD138pos	0	0.875|0.689|1	0	0	0	0	0	0	0	0	0	0	0	0	0	0
MMRF_2220_1_BM_CD138pos	0	0	0.081|0.073|0.083	0	0	0	0	1|0.924|1	0	0	0	0	0	0	0	0
MMRF_2223_1_BM_CD138pos	0.352|0.223|0.536	0.266|0.176|0.393	0	0	0	0	0	0	0	0	0	0	0	0	0	0
MMRF_2224_1_BM_CD138pos	0	0	0	0	0	1|0.972|1	0	0	0	0	0	0	0	0	0	0.89|0.66|1
MMRF_2225_1_BM_CD138pos	0	1|0.992|1	0	0	0	0	0	0	0	0	0	0	0	0	0	0
MMRF_2226_1_BM_CD138pos	0	0.879|0.686|1	1|0.955|1	0	0	0	0	0	0	0	0	0	0	0	0	0
MMRF_2229_1_BM_CD138pos	0	0	0	0	0	0	0	0	0	0.443|0.281|0.677	0	0	0	0	0	0
MMRF_2230_1_BM_CD138pos	0	1|0.858|1	0	0	0.338|0.246|0.446	0	0	0	0	0	0	0	0	0.896|0.675|1	0	0
MMRF_2231_1_BM_CD138pos	0	0	0	0	0	0	0	0	0	0	0	0	0	0	0.736|0.525|0.916	0
MMRF_2232_1_BM_CD138pos	0	1|1|1	1|0.98|1	0	0	0	0	0	0	0	0	0.718|0.512|0.977	0	0	0	0
MMRF_2236_1_BM_CD138pos	0	0	0	0.602|0.471|0.754	0	0	0.505|0.254|0.941	0	0	0	0	0	0	0	0	0
MMRF_2237_1_BM_CD138pos	0	1|1|1	0.832|0.572|1	0	0	0	0	0	0	0	0	0	0	0	0	0
MMRF_2238_1_BM_CD138pos	0	0	0	0	0	0	0	0	0.921|0.803|0.987	1|0.833|1	0	0	0	0.905|0.716|1	0	0
MMRF_2240_1_BM_CD138pos	0.777|0.54|1	0	0	0	0	0	0	0	0	0	0	0	0	0	0	0
MMRF_2244_1_BM_CD138pos	0	0	0	0.657|0.48|0.87	0	0	0	0	0	0.556|0.338|0.863	0	0	0	0	0	0
MMRF_2245_1_BM_CD138pos	0	0	0	0	0	0	1|0.732|1	0	0	0	0	0	0	0	0	0
MMRF_2246_1_BM_CD138pos	0	1|0.905|1	0	0.183|0.107|0.308	0	0	0	0	0	0	0	0	0	0	0	0
MMRF_2250_1_BM_CD138pos	0	0	0	0	0	0	0	0	0	0.429|0.265|0.658	0	0	0	0	0	0
MMRF_2251_1_BM_CD138pos	0	0	0	0	0	0	0	0	0.967|0.858|1	0	0	0	0	0	0	0
MMRF_2253_1_BM_CD138pos	0	0	0.843|0.507|1	0	1|0.953|1	0	0.684|0.439|0.982	0	0	0	0	0	0	0	0	0
MMRF_2258_1_BM_CD138pos	0.571|0.34|0.896	0	0	0	0	0	0	1|0.905|1	0	0	0	0.743|0.529|1	0	0	0	0
MMRF_2265_1_BM_CD138pos	0	0	0.758|0.499|1	0.116|0.066|0.202	0	0.292|0.197|0.414	0	0	0	0	0	0	0	0	0	0
MMRF_2266_1_BM_CD138pos	0.572|0.363|0.841	0	0	0.887|0.724|1	0	0	0	0	0	0	0.253|0.127|0.48	0	0	0	0	0
MMRF_2267_1_BM_CD138pos	0	0.889|0.702|1	0	0	0	0	0	0	0	0	0	0	0	0	0	1|1|1
MMRF_2269_1_BM_CD138pos	0.801|0.541|1	0	0	0	0	0	0	0	0	0	0	0	0	0.875|0.679|1	0	0
MMRF_2270_1_BM_CD138pos	0	0	0	0	0	0	0.871|0.74|1	0	0	0	0.617|0.364|0.949	0	0	0	0	0
MMRF_2271_1_BM_CD138pos	0	0	0	1|0.828|1	0	0.215|0.109|0.393	0	0	0	0	0	0	0	0	0	0
MMRF_2272_1_BM_CD138pos	0	0.276|0.173|0.429	0	0	0	0	0	0	0	0.383|0.281|0.512	0	0	0	0	0	0
MMRF_2273_1_BM_CD138pos	0	0.926|0.814|1	0	0.147|0.073|0.288	0	0	0	0	0	0	0	0	0.964|0.781|1	0	0	0
MMRF_2279_1_BM_CD138pos	0	0	0	0.197|0.106|0.354	0	0	0	0	0	0	0	0	0	0	0	0
MMRF_2281_1_BM_CD138pos	0	0	0	0	1|0.84|1	0	0	0	0	0	0	0	0	0	0	0
MMRF_2284_1_BM_CD138pos	0	0	0.979|0.659|1	0	0	0	0	0	0.154|0.063|0.367	0	0	0	0	0	0	0
MMRF_2286_1_BM_CD138pos	0	0	1|0.833|1	0	0	0	0	0	0	0	0	0	0	0	0	0
MMRF_2289_1_BM_CD138pos	0.964|0.618|1	0	0	0	0	0	0	0	0	0	0	0	0	0	0	0
MMRF_2290_1_BM_CD138pos	0	1|0.869|1	0	0	0	0	0	1|0.85|1	0	0	0	0	0	0	0	0
MMRF_2291_1_BM_CD138pos	0	0	0	0	0	0	0.94|0.583|1	0	0	0	0	0	0	0	0	0
MMRF_2292_1_BM_CD138pos	0	0	0	0	0.839|0.575|0.991	0	0	0	0	0	0.912|0.672|1	0	0	0	0	0
MMRF_2293_1_BM_CD138pos	0	0	0	0	0.245|0.146|0.401	0	0	0	0	0	0	0	0	0	0	0
MMRF_2297_1_BM_CD138pos	0	0	1|0.895|1	0	0.17|0.107|0.263	0	0	0	0	0.15|0.074|0.294	0	0	0	0	0	0
MMRF_2300_1_BM_CD138pos	0.832|0.651|1	0	0	0	0	0	0	0	0	0	0	0	0	0	0	0
MMRF_2301_1_BM_CD138pos	0	0.66|0.531|0.772	1|1|1	1|0.947|1	0	0	0	0	0	0	0	0	0	0.894|0.687|1	0	0
MMRF_2302_1_BM_CD138pos	0	0	0.192|0.134|0.27	0	0	0	0	0	0	0	0	0	0	0	0	0
MMRF_2305_1_BM_CD138pos	0	0	0	0	0.176|0.1|0.305	0	0	0	0	0	0	0	0	0	0	0
MMRF_2306_1_BM_CD138pos	0	0	0	0	0	0	0	0.955|0.747|1	0	0	0	0.464|0.255|0.778	0	0	0	0
MMRF_2307_1_BM_CD138pos	0	0	0	0	0	0	0	0	0	0	0	0	0	0	0	0
MMRF_2308_1_BM_CD138pos	0	0	0.75|0.504|1	0	0	0	0	0	0	0	0	0	0	0	0	0
MMRF_2310_1_BM_CD138pos	0	0	0	0.11|0.052|0.221	0	0	0	0	0	0	0	0	0	0	0	0
MMRF_2313_1_BM_CD138pos	0.887|0.766|0.988	0	0	0	0	0	0	0	0	0	0	0	0	0	0	0
MMRF_2314_1_BM_CD138pos	0	0.91|0.787|0.988	0	0.952|0.859|1	0	0	0	0	0	0	0	0	0	0	0	0
MMRF_2316_1_BM_CD138pos	0	0	0.854|0.578|1	0	0	0	0	0	0	0	0	0	0	0	0	0
MMRF_2317_1_BM_CD138pos	0	0	0	0	0.886|0.604|1	0	0	0	0	0	0	1|0.804|1	0	0	0	0
MMRF_2324_1_BM_CD138pos	0.877|0.718|1	0	0	1|1|1	0	0	0	0	0	0	0	0	0	0	0	0
MMRF_2325_1_BM_CD138pos	0.495|0.339|0.693	0	0	0	0	0	0	0	0	0	0	0	0	0	0.105|0.058|0.188	0
MMRF_2326_1_BM_CD138pos	0	0	0	0	0	0	0	0	0	0	0	0	0	0	0	0
MMRF_2327_1_BM_CD138pos	0.61|0.468|0.782	0	0	0	0	0	0	0	0	0	0	0	0	0	0	0
MMRF_2329_1_BM_CD138pos	0	1|0.903|1	0.957|0.577|1	0	0	0	0	0	0	0	0	0	0	0	0	0
MMRF_2330_1_BM_CD138pos	0.402|0.233|0.652	0	0	0	0	0	0	0	0	0	0	0.408|0.267|0.609	0	0	0	0
MMRF_2331_1_BM_CD138pos	0	0	0	0	1|0.817|1	0	0	0	0	0	0	0	0	0	0	0
MMRF_2333_1_BM_CD138pos	0	0.929|0.753|1	0	0	0	0	0	0	0	0	0	0	0	0	0	0
MMRF_2335_1_BM_CD138pos	0.806|0.65|0.98	0	0	0	0	0	0	0	0	0	0	0	0	0	0	0
MMRF_2336_1_BM_CD138pos	0	0.177|0.124|0.25	0	0.839|0.607|1	0	0	0	0	0	0	0	0	0	0	0	0
MMRF_2339_1_BM_CD138pos	0.14|0.089|0.219	0	0	0	0	0	0.869|0.602|1	0	0	0	0	0	0	0	0	0
MMRF_2341_1_BM_CD138pos	0	0	0	0	0.199|0.131|0.298	0	0	0	0	0	0	0	0	0	0.154|0.088|0.256	0
MMRF_2344_1_BM_CD138pos	0	0	0	0	0	0	0	0	0	0	0	0	0	0.967|0.749|1	0.802|0.573|0.963	0
MMRF_2352_1_BM_CD138pos	0	0	0	0	0	0.387|0.278|0.512	0	0	0.978|0.787|1	0	0	0	0	0	0	0
MMRF_2353_1_BM_CD138pos	1|0.822|1	0	0	0	0	0	0	0	0	0	0	0	0	0	0	0
MMRF_2362_1_BM_CD138pos	1|0.853|1	0	1|0.763|1	0	0.079|0.044|0.141	0	0	0	0	0	0	0	0	0	0	0
MMRF_2364_1_BM_CD138pos	0	0	0	0	0	0	0	0	0	0	0	0	0	0	0	0
MMRF_2365_1_BM_CD138pos	0.73|0.526|0.974	0	0	0	0	0	0	0	0	0	0	0	0	0	0	0
MMRF_2366_1_BM_CD138pos	1|0.848|1	0	0	0	0	0	0	0	0	0	0	0	0	0	0	0
MMRF_2367_1_BM_CD138pos	0	1|0.943|1	0	0	0	0	0	0	0	0	0	0	0	0	0	0
MMRF_2368_1_BM_CD138pos	0	0	0	0	0.767|0.592|0.972	0	0	0	0	0	0	0	0	0	0	0
MMRF_2373_1_BM_CD138pos	0	0	0	0	0	0	0	0	1|0.926|1	0	0	0	0	0	0	0
MMRF_2377_1_BM_CD138pos	0	0	1|0.776|1	0	0	1|1|1	0	0	0	0	0	0	0	0	0	0
MMRF_2378_1_BM_CD138pos	0.241|0.171|0.333	0	0	0	0	0	0	0	0	0	0	0	0	0	0	0
MMRF_2379_1_BM_CD138pos	0.191|0.128|0.281	0	0	0.94|0.752|1	0	0	0	0	0	0	0	0	0	0	0	0
MMRF_2380_1_BM_CD138pos	0	0	0	0	0.958|0.758|1	0	1|0.749|1	0	0	0	0	0	0	0	0	0
MMRF_2383_1_BM_CD138pos	0	0.986|0.806|1	0	0	0	0	0	0	0	0	0	0	0.717|0.601|0.843	0.82|0.65|1	0	0
MMRF_2388_1_BM_CD138pos	0.26|0.184|0.364	0	0	0	0	0	0	0	0	0	0.342|0.163|0.673	0	0	0	0	0
MMRF_2397_1_BM_CD138pos	0	0	0.786|0.4|1	0	0	0	0	0	0	1|0.93|1	0	0	0	0	0	0
MMRF_2399_1_BM_CD138pos	0	0.926|0.76|1	0	0	0	0	0	0	0	0	0	0	0	0	0	0
MMRF_2400_1_BM_CD138pos	0.414|0.305|0.551	0	0	0	0	0	0	0	0	0	0	0	0	0	0	0
MMRF_2401_1_BM_CD138pos	0	0	0	0	0	0	0	0	0	1|0.88|1	0	0	1|0.965|1	0	0	0
MMRF_2404_1_BM_CD138pos	0	0	0	0	0	0	0	0	0	0	0	0	0	0	0	0
MMRF_2407_1_BM_CD138pos	0	0	0	1|0.919|1	0	1|0.97|1	0	0	0	0	0	0	0	0	0	0
MMRF_2409_1_BM_CD138pos	0.203|0.083|0.486	0	0	0	0	0	0	0	0	0	0	0	0	0	0	0
MMRF_2410_1_BM_CD138pos	0.383|0.209|0.663	0	0	0	0	0	0	0	0	0	0	0	0	0	0	0
MMRF_2411_1_BM_CD138pos	0	0	0	0	0	0	0	0	0	0	0	0	0	0	0	0
MMRF_2412_1_BM_CD138pos	0	0	1|0.936|1	0	0	0	0	0.606|0.275|1	0	0	0	0	0	0	0	0
MMRF_2419_1_BM_CD138pos	0.868|0.72|1	0	0	0	0	0	0	0	0	0	0	0	0	0	0	0
MMRF_2422_1_BM_CD138pos	0	0	0	0	0	0	0	1|1|1	0	0	0	0	0	0	0	0
MMRF_2425_1_BM_CD138pos	0	0	0	0	0	0	0	0	0	0	0	0	0	0	0	0
MMRF_2426_1_BM_CD138pos	0	0.14|0.075|0.257	0	0	0	0	0	0	0.13|0.119|0.133	0	0	0	0	0	0	0
MMRF_2427_1_BM_CD138pos	0	0	0	0.813|0.591|1	0	0	0	0	0	0	0	0	0	0	0	0
MMRF_2428_1_BM_CD138pos	0.918|0.645|1	0	0	0	0	1|0.96|1	0	0	0	0	0	0	0	0	0	0
MMRF_2429_1_BM_CD138pos	0	0.748|0.666|0.835	0	0	0	0	0	0	0	0	0	0	0	0	0	0
MMRF_2433_1_BM_CD138pos	0	0.957|0.791|1	0	0	0	0	0	0	0	0	0	0	0	0	0	0
MMRF_2436_1_BM_CD138pos	0	0	0	0	0	0	0.236|0.118|0.453	0	0	0	0	0	0	0	0	0
MMRF_2437_1_BM_CD138pos	0	0	0	0	0	0	0	0	0	0	0	0	0	0	0	0
MMRF_2438_1_BM_CD138pos	0	0	0.921|0.609|1	0	0.888|0.72|0.984	0	0	0	0	0	0	0	0	0	0	0
MMRF_2440_1_BM_CD138pos	0.944|0.795|1	0	0	0	0	0	0.426|0.233|0.724	0	0	0	0	0	0	0	0	0
MMRF_2442_1_BM_CD138pos	0	0.731|0.57|0.916	0	0.791|0.664|0.93	0	0	1|0.779|1	0	0	0	0	0	0	0	0	0
MMRF_2444_1_BM_CD138pos	0	0.259|0.201|0.331	1|0.917|1	0	1|0.853|1	0	0	0	0	0.287|0.179|0.443	0	0	0	0	0	0
MMRF_2446_1_BM_CD138pos	0	0.815|0.635|1	0	0	0	0	0	0	0	0	0	0	0	0	0	0
MMRF_2449_1_BM_CD138pos	0	0	0	0	0	0	0	0	0	0.69|0.558|0.836	0	0	0	0	0	0
MMRF_2453_1_BM_CD138pos	0	0	0	0	0	0	0	0	0	0	1|0.737|1	0	0	0	0	0
MMRF_2455_1_BM_CD138pos	0	0.85|0.687|0.985	0	0	0	0	0	0	0	0	0	1|0.845|1	0	0	0	0
MMRF_2456_1_BM_CD138pos	0	0	0	0	0.174|0.071|0.401	0	0	0	0	0	0.214|0.115|0.389	0	0	1|0.956|1	0	0
MMRF_2457_1_BM_CD138pos	1|0.883|1	0	0	0	0	1|0.906|1	0	0	0	0	0	0	0	0	0.142|0.074|0.266	0
MMRF_2458_1_BM_CD138pos	0	0.718|0.57|0.882	0	0	0	0	0	0	0	0	0	1|0.863|1	0	0	0	0
MMRF_2459_1_BM_CD138pos	0	0	0	0	0	0	0	0	0	0	0	0	0	0	0	0
MMRF_2461_1_BM_CD138pos	0	0.102|0.053|0.195	0	0	0	0	0	0	0	0	0	0	0.714|0.603|0.834	0	0	0
MMRF_2464_1_BM_CD138pos	0	0	0	0.133|0.066|0.263	0	0	0	0	0	0	0	0	0	0	0	0
MMRF_2465_1_BM_CD138pos	0	0.275|0.176|0.419	0	0.367|0.244|0.534	0	0	0	0	0	0	0	0	0	0	0	0
MMRF_2468_1_BM_CD138pos	0	0	0	0	1|0.979|1	0	0	0	0	0	0	0	0	0	0	0
MMRF_2469_1_BM_CD138pos	0.288|0.215|0.381	0	0.772|0.528|1	0	0.518|0.38|0.687	0	0.58|0.443|0.742	0	0	0	0	0	0	0	0	0
MMRF_2471_1_BM_CD138pos	0	0	0	0	0	0	0	0	0	0	0	0	0	0	0	0
MMRF_2473_1_BM_CD138pos	0	0	0	0	0.741|0.628|0.837	0	0	0	0	0	0	0	0	0	0	0
MMRF_2475_1_BM_CD138pos	0.49|0.296|0.768	0	0	0	0	0	0	0	0	0	0	0	0	0	0	0
MMRF_2476_1_BM_CD138pos	1|1|1	0	0.982|0.741|1	0	0	0	0	0	0	0	0	0	0	0	0	0
MMRF_2477_1_BM_CD138pos	0.958|0.829|1	0	0.872|0.559|1	0	0	0	0	0	0	0	0	0	0.776|0.62|0.944	0	0	0
MMRF_2478_1_BM_CD138pos	0.796|0.685|0.916	0	0	0	0	0	0	0	0	0	0	0	0	1|0.881|1	0	0
MMRF_2480_1_BM_CD138pos	0.289|0.223|0.37	0	0	0	0	0	0	0	0	0	0	0	0	0	0	0
MMRF_2485_1_BM_CD138pos	1|0.807|1	0	0	0	0	0	0	0	0	0	0	0	0	0	0	0
MMRF_2486_1_BM_CD138pos	0	0.969|0.804|1	0	0	0	0	0	0	0	0	0	0	0	0	0	0
MMRF_2487_1_BM_CD138pos	1|1|1	0.413|0.344|0.492	0	0	0	0	0	0	0	0	0	0	0.584|0.421|0.793	0	0	0
MMRF_2488_1_BM_CD138pos	0	0	0	0	0	0	0	0	0	0	0	0	0	0	0	0
MMRF_2489_1_BM_CD138pos	0.125|0.055|0.278	0	0	0	0	0	0	0	0	0	0	0	0	0	1|1|1	0
MMRF_2490_1_BM_CD138pos	0	0	0	0	0.904|0.686|1	0	0	0.905|0.728|1	0	0	0	0	0.799|0.684|0.92	0	0	0
MMRF_2493_1_BM_CD138pos	0	0	0	0	0.941|0.81|1	0	0	0	0.187|0.107|0.322	0	0	0	0	0	0	0
MMRF_2497_1_BM_CD138pos	0	0	0	0	0	0.895|0.794|0.959	0	0	0	0	0	0	0	0	0	0
MMRF_2499_1_BM_CD138pos	0.264|0.117|0.567	0.878|0.765|0.999	0	0.295|0.188|0.454	0	0	0	0	0	0	0	0	0	0	0	0
MMRF_2501_1_BM_CD138pos	0	0.353|0.235|0.514	0	0	0	0	0	0	0	0	0	0	0	0	0	0
MMRF_2503_1_BM_CD138pos	0	0	0	0	0.248|0.176|0.339	0	0	1|1|1	0	0	0	0	0	0	0	0
MMRF_2504_1_BM_CD138pos	0.242|0.121|0.463	0	0	0	0	0	0	1|0.953|1	0	0	0	0	0	0	0	0
MMRF_2505_1_BM_CD138pos	0.746|0.568|0.945	0	0	0	0	0	0	0	0	0	0	0	0	0	0	0
MMRF_2506_1_BM_CD138pos	0	0	0	0	0	0	0	0	0	0	0	0	0	0	0	0
MMRF_2507_1_BM_CD138pos	0	1|0.857|1	0	0	0	0	0	0	0	0	0	0	0	0	0	0
MMRF_2511_1_BM_CD138pos	0	0.76|0.627|0.904	0	0	0	0	0	0	0	0	0	0	0	0	0	0
MMRF_2514_1_BM_CD138pos	0	0.175|0.104|0.289	0	0	0	0	0	0	0	0	0	0	0	0	0	0
MMRF_2516_1_BM_CD138pos	0	0.933|0.741|1	0	0	0	0	0	0	0	0	0	0	0	0	0	0
MMRF_2517_1_BM_CD138pos	0	0.958|0.871|1	0	0	0	0	0	0	0	0	0	0	0	0	0	0
MMRF_2518_1_BM_CD138pos	0	0	0	0	0	0	0	0	0	0	0	1|0.752|1	0	0	0	0
MMRF_2519_1_BM_CD138pos	0.307|0.153|0.595	0.259|0.148|0.446	0	0	0	0	0	0	0	0	0	0	0	0	0	0
MMRF_2522_1_BM_CD138pos	0	0	0	0	0	0	0	0	0	0	0	0	0	0	0	0
MMRF_2523_1_BM_CD138pos	0.477|0.383|0.586	0.231|0.138|0.377	0	0	0	0	0	0	0	0	0	0	0	0	0	0
MMRF_2525_1_BM_CD138pos	0	0	1|1|1	0	0	1|0.928|1	0	0	0	0	0	0	0	0	0	0
MMRF_2531_1_BM_CD138pos	0.699|0.585|0.824	0	0	0	0	0	0	0	0	0	0	0	0	0	0	0
MMRF_2532_1_BM_CD138pos	0.117|0.052|0.259	0	0.938|0.683|1	0.294|0.218|0.383	0	0	0	1|0.815|1	0	0	0	0	0	0	0	0
MMRF_2535_1_BM_CD138pos	0.653|0.403|1	0	0	0	0	0	0.463|0.168|1	0	0.417|0.279|0.613	0	0	0	0	0	0	0
MMRF_2538_1_BM_CD138pos	0	0	0	0	0	0	0	0	0	0	0	0	0	0	0	0
MMRF_2539_1_BM_CD138pos	0	1|1|1	0.902|0.471|1	0	0	0	0	0	0	0	1|1|1	0	0	0	0	0
MMRF_2541_1_BM_CD138pos	0	0.947|0.763|1	0	0	0	0	0	0	0	0	0	0	0	0	0	0
MMRF_2543_1_BM_CD138pos	0	0.753|0.557|0.992	0	0	0	0	0	0	0	0	0	0	0	0	0	0.664|0.423|0.97
MMRF_2546_1_BM_CD138pos	0	0	0	0	0.922|0.781|1	0	0	0	0	0	0	0	0	0	0	0
MMRF_2549_1_BM_CD138pos	0	0.172|0.086|0.335	0	0	0	0	0	0	0	0	0	0	0	0	0	0
MMRF_2557_1_BM_CD138pos	0	0	0	0.418|0.3|0.568	0	0	0	0	0	0	0	0	0	0	0	0
MMRF_2563_1_BM_CD138pos	0	0	0	0	0	0	0	0	0	0	0	0	0	0	0	0
MMRF_2566_1_BM_CD138pos	0	0	0	0	0	0	0	0	0	0	0	0	1|1|1	0	0	0
MMRF_2568_1_BM_CD138pos	0	0	1|1|1	0	0	0	1|0.95|1	0	1|1|1	0	0	0	0	0	0	0
MMRF_2570_1_BM_CD138pos	0	0.567|0.423|0.739	1|0.828|1	0	0	0	0	0	0	0	0	0.316|0.189|0.518	0	0	0.364|0.209|0.57	0
MMRF_2572_1_BM_CD138pos	0	0.947|0.755|1	0	0	0	0	0	0	0	0	0	0	0.898|0.628|1	0	0	0
MMRF_2573_1_BM_CD138pos	0.484|0.365|0.627	0	0	0	0	0	0	0	0	0	0.912|0.75|1	0	0	0	0	0
MMRF_2574_1_BM_CD138pos	0	0	0	0	0	0	0	0	0.084|0.034|0.202	0	0	0	0	0	0	0
MMRF_2577_1_BM_CD138pos	0.908|0.633|1	0	0	0.162|0.081|0.315	0	0	0	0	0	0	0	0	0	0	0	0
MMRF_2579_1_BM_CD138pos	0	0	0	0	0.174|0.098|0.295	0	0.979|0.702|1	1|0.847|1	0	0	0	0	0	0	0	0
MMRF_2580_1_BM_CD138pos	0	0	0.813|0.449|1	0.63|0.472|0.825	0.215|0.12|0.375	0	0	0	0	0	0	0	0	0	0	0
MMRF_2581_1_BM_CD138pos	0	0.864|0.684|1	1|0.924|1	0	0	0	0	0	0	0	0	0	0	0	0	0
MMRF_2583_1_BM_CD138pos	0	0	0	0	0	0	0	0	0	0	0	1|1|1	0	0	0	0
MMRF_2584_1_BM_CD138pos	0	0	0	0	0	0	0	0	0	0	0	0	0	0	0	0
MMRF_2592_1_BM_CD138pos	0	0	1|0.935|1	0	0	0	0	0	0	0	0.889|0.601|1	0	0	0	0	0
MMRF_2595_1_BM_CD138pos	0	0.883|0.795|0.974	0	0	0	0	0	0	0	0	0	0	0	0	0	0
MMRF_2596_1_BM_CD138pos	0	0	1|1|1	0	0	0	0	0	0	0	0	0	0	0	0	0
MMRF_2597_1_BM_CD138pos	0.87|0.586|1	0	0	0	0.145|0.072|0.274	0	0	0	0	0	0	0	0	0	0	0
MMRF_2598_1_BM_CD138pos	0	0.438|0.375|0.508	0	0.856|0.69|1	0	0	0	0	0	0	0	0	0	0	0	0
MMRF_2601_1_BM_CD138pos	0.201|0.132|0.302	0	0	0	0	1|1|1	0	0	0	0	0	0	0	0	0	0
MMRF_2602_1_BM_CD138pos	0	0	0	0	0	0	0	0	0	0	0	0	0.937|0.69|1	0	0	0
MMRF_2604_1_BM_CD138pos	0	0	0	0	1|0.979|1	0	0	0	0	0.998|0.813|1	0	0	0	0	0	0
MMRF_2605_1_BM_CD138pos	0	0.104|0.058|0.182	0	0	0	0	0	0	0	0	0	0	0	0	0	0
MMRF_2606_1_BM_CD138pos	0	0	0	1|0.921|1	0	0	0	0	0	0	0	0	0	0	0	0
MMRF_2609_1_BM_CD138pos	1|1|1	0	0.886|0.539|1	0	0	0	0	0	0	0	0	0	0	0	0	0
MMRF_2613_1_BM_CD138pos	0.696|0.455|1	0	0.754|0.603|0.916	0	0	0	0	0	0	0	0	0	0	0	0	0
MMRF_2614_1_BM_CD138pos	0	0	0	0	0	0	1|0.799|1	0	0	0	0	0	0	0	0	0
MMRF_2621_1_BM_CD138pos	0	0	0	0	0	0	0.221|0.098|0.471	0	0	0	0	0	0	0	0	0
MMRF_2622_1_BM_CD138pos	0.861|0.586|1	0	0	0.575|0.425|0.765	1|0.933|1	0	0	0	0	0	0	0	0	0	0	0
MMRF_2630_1_BM_CD138pos	0	0	0	0	0.824|0.641|0.981	0	0	0	0	0	0	0	0	0	0	0
MMRF_2631_1_BM_CD138pos	0.142|0.063|0.315	0.165|0.122|0.222	0	0	0	0	0	0	0	0	0	0	0	0	0	0
MMRF_2634_1_BM_CD138pos	0	0	0.841|0.564|1	0	0	0	0	0	0	0	0	0	0	0	0	0
MMRF_2636_1_BM_CD138pos	0	0	0	0	0	0	0	0	0	0.845|0.657|1	0	0	0	0	0	0
MMRF_2637_1_BM_CD138pos	0	0	1|0.817|1	0	0	0	0	0	0	0	0	0	0	0	0	0
MMRF_2638_1_BM_CD138pos	0	0.909|0.733|1	0	0	0	0	0	0	0	0	0	0	0	0	0	0
MMRF_2639_1_BM_CD138pos	0.518|0.301|0.829	0.385|0.272|0.532	0.802|0.563|1	0	0.557|0.446|0.684	0	0.798|0.63|0.986	0	0	0	0	0	0	0	0	0
MMRF_2641_1_BM_CD138pos	0.19|0.077|0.441	0	0	0	0	0	0	0	0	0	0	0	1|1|1	0	0	0
MMRF_2642_1_BM_CD138pos	0	0.884|0.707|1	0	0	0	0	0	0	0	0	0	0	0	0	0	0
MMRF_2643_1_BM_CD138pos	0	0	0	0	0	0	0	0	0	0	0	0	0	0	0	0
MMRF_2646_1_BM_CD138pos	0	1|1|1	0	0	0	0	0	0	0	0	0	0	0	0	0	0
MMRF_2647_1_BM_CD138pos	0	0	0.771|0.635|0.874	0	0	0	0	0	0	0	0	0	0	0	0	0.201|0.131|0.297
MMRF_2651_1_BM_CD138pos	0	0	0	0	0	0	0.377|0.256|0.539	0	0	0	0	0	0	0	0	0
MMRF_2652_1_BM_CD138pos	0	0.27|0.188|0.373	0	0	0	0	0	0	0	0	0	0	0	0	0	0
MMRF_2654_1_BM_CD138pos	1|0.818|1	0	1|1|1	0	0	0	0	0	0	0	0	0	0	0	0	0
MMRF_2655_1_BM_CD138pos	0	0	0	0	0	0.801|0.694|0.892	0	0	0	0	0	0	0	0	0	0
MMRF_2659_1_BM_CD138pos	0	0	0	0	0	0	0	1|0.897|1	0	0	1|0.737|1	0	0	0.91|0.669|1	0	0
MMRF_2660_1_BM_CD138pos	0.777|0.631|0.933	0	0	0	0	0	0	0	0	0.136|0.081|0.226	0	0	0	0	0	0
MMRF_2664_1_BM_CD138pos	0	0	0	0.153|0.08|0.282	0	0	0	0.906|0.789|1	0	0	0	0	0	0	0	0
MMRF_2665_1_BM_CD138pos	0	0.817|0.644|1	0.566|0.471|0.668	0	0	0	0	0	0	0	0	0	0	0	0	0
MMRF_2666_1_BM_CD138pos	0	0	0	0	0	0	0	0	0	0	0	0	0	0	0	0.501|0.318|0.738
MMRF_2667_1_BM_CD138pos	0.39|0.254|0.578	0	0	0	0	0	0	0	0	0	0	0	0	0	0	0
MMRF_2669_1_BM_CD138pos	0	0.79|0.693|0.896	0	0	0	0.142|0.079|0.253	0.49|0.201|1	0	0	0	0	0	0	0	0	0
MMRF_2670_1_BM_CD138pos	0	0	0	0	0	0	0	0	0	0	0	0	0	0	0	0
MMRF_2676_1_BM_CD138pos	0	0	0	0	0	0.069|0.037|0.126	0	0	0	0	0	0	0	0	0	0
MMRF_2677_1_BM_CD138pos	0.441|0.277|0.668	0.477|0.35|0.627	0.857|0.601|1	0	0	0	0	0	0	0	0	0	0	0	0	0
MMRF_2678_1_BM_CD138pos	0	0	0.728|0.418|1	0	0	0	1|1|1	0	0	0	0	0	0	0	0	0
MMRF_2679_1_BM_CD138pos	0	0	0	0	0	0.743|0.49|0.974	0	0	0	0	0	0	0	0	0	0
MMRF_2680_1_BM_CD138pos	0	0	0	0	0	0	0	0.974|0.638|1	0	0	0	0	0	0	0	0
MMRF_2681_1_BM_CD138pos	0.953|0.747|1	0	0.493|0.287|0.781	0	0	0	0	0	0	0	0	0	0	0	0	0
MMRF_2685_1_BM_CD138pos	0.137|0.089|0.21	0	0	0	0	0	0	0	0	0	0	0	0	0	0	0
MMRF_2688_1_BM_CD138pos	1|1|1	0	1|0.787|1	0	0	0	0	0	0	0	0	0	0	0	0	0
MMRF_2689_1_BM_CD138pos	0	0.81|0.656|0.978	0	0	0	0	0	0	0	0	0	0	0	0	0	0
MMRF_2694_1_BM_CD138pos	0	0	0	0	1|0.882|1	0	0	0	0	0.366|0.235|0.551	0	0	0	0	0	0.407|0.266|0.571
MMRF_2695_1_BM_CD138pos	0	0	0	0.283|0.206|0.378	0	0	0	0	0	0	0	0	0	0	0	0
MMRF_2696_1_BM_CD138pos	0.906|0.67|1	0	0	0	0	0	0	0	0	0	0	0	0	0.936|0.744|1	0	0
MMRF_2698_1_BM_CD138pos	0	0	0	0	0	1|1|1	0	0	1|1|1	0	0	0	0	0	0	0
MMRF_2699_1_BM_CD138pos	0	0	0	0	0	0	0	0	0	0	0	0	0	0	0	0
MMRF_2701_1_BM_CD138pos	0	0	0	0	0	0	0	0	0	0	0	0	0	0	0	0
MMRF_2702_1_BM_CD138pos	0.823|0.504|1	0	0	0	0	1|0.634|1	0	0	0	0	0	0	0	0	0	0
MMRF_2704_1_BM_CD138pos	0.71|0.598|0.834	0	0.563|0.32|0.913	0	0	0	0	0	0	0	0	0	0	0	0	0
MMRF_2705_1_BM_CD138pos	0	0	0	0	0	0	0	0	0.983|0.848|1	0	0	0	0	0	0	0
MMRF_2706_1_BM_CD138pos	0	0	0	0	0	0	0	0	0	0.182|0.117|0.278	0	0	0	0	0	1|0.949|1
MMRF_2708_1_BM_CD138pos	0	0	1|0.919|1	0	0	0	0	0	0	0	0	0	0	0	0	0
MMRF_2709_1_BM_CD138pos	0	0	0	0.213|0.118|0.375	0	0	0	0	0	0	0	0	0	0	0	0
MMRF_2714_1_BM_CD138pos	0	0	1|0.708|1	0	0	0	0	0	0	0	0	0	0	0	0	0
MMRF_2715_1_BM_CD138pos	0	0	0	0	0	0	0	0	0.794|0.611|0.946	0	0	0	0	0	0	0
MMRF_2716_1_BM_CD138pos	0	0.626|0.458|0.838	0	0	0	0	0.487|0.255|0.883	0	0	0	0	0	0	0	0	0
MMRF_2718_1_BM_CD138pos	0	0	0	0	0	0	0	0	0	0	0	0	0	0	0	0
MMRF_2719_1_BM_CD138pos	0	0	0	0	0	0	0	0	0	0	0	1|0.908|1	0	0.893|0.645|1	0	0
MMRF_2721_1_BM_CD138pos	0	0.949|0.764|1	1|1|1	1|0.837|1	0	0	0	0	0	0	0	0	0	0	0	0
MMRF_2722_1_BM_CD138pos	0	0	0	0	0.969|0.857|1	0	0	0	0	0	0	0	0	0	0	0
MMRF_2723_1_BM_CD138pos	0	0.887|0.729|1	0	0	0	0	0	0	0	0	0	0	0	0	0	0
MMRF_2727_1_BM_CD138pos	0.814|0.704|0.93	0	0	0	0	0	0	0	0	0	0	0	0	0	0	0
MMRF_2728_1_BM_CD138pos	0.141|0.062|0.313	0.135|0.07|0.258	0	0	0	0	0.998|0.769|1	0	0	0	0	0	0	0	0	0
MMRF_2729_1_BM_CD138pos	0.727|0.624|0.838	0	0	0	0	0	0	1|0.788|1	0	0	0	0	0	0	0	0
MMRF_2730_1_BM_CD138pos	1|0.862|1	0	0	0	0	0	0	0	0	0	0	0	0	0	0	0
MMRF_2731_1_BM_CD138pos	0	0	0	0	0	0	0	0	0	0	0	0	0	0	0	0
MMRF_2732_1_BM_CD138pos	0	0	0	0	0	0.064|0.028|0.142	0	0	0	0	0	0	0	0.954|0.804|1	0	0
MMRF_2733_1_BM_CD138pos	0	0	0	0	0	0	0	0	0	0	0	0	0	0	0	0
MMRF_2734_1_BM_CD138pos	0.385|0.222|0.635	0.282|0.186|0.418	0	0	0	0	0	0	0	0	0	0	0	0	0	0
MMRF_2737_1_BM_CD138pos	0	0.948|0.785|1	0.393|0.322|0.47	0	0	0	0	0	0	0	0	0	0	0	0	0
MMRF_2738_1_BM_CD138pos	0	0	0	0	0	0	0	0	0	0	0	0	0	0	0	0
MMRF_2739_1_BM_CD138pos	0.831|0.731|0.935	0	0	0	0	0	0	0	0	0	0	0	0	0	0	0
MMRF_2742_1_BM_CD138pos	0	0	0	0	0	0	0.611|0.402|0.899	0	0	0	0	0	0	0	0	0
MMRF_2743_1_BM_CD138pos	0	0	0	0	0	0	0	0	0	0	0	0	0	0	0	0
MMRF_2745_1_BM_CD138pos	0.177|0.088|0.345	0	0	0	0.119|0.053|0.256	0	0	0	0	0	0	0	0	0	0	0
MMRF_2746_1_BM_CD138pos	0.956|0.732|1	0	0	0	0	0	0	0	0	0	0	0	0	0	0	0
MMRF_2752_1_BM_CD138pos	0	0.905|0.729|1	0.105|0.061|0.177	0.74|0.583|0.916	0	0	0	0	0	0	0	0	0	0	0	0
MMRF_2753_1_BM_CD138pos	0.804|0.571|1	0	0	0	0	0	0	0	0	0	0	0	0	0	0	0
MMRF_2754_1_BM_CD138pos	0	1|1|1	0	0.589|0.454|0.753	1|0.787|1	0	0	0	0	0	0	0	0	0	0	0
MMRF_2755_1_BM_CD138pos	1|0.912|1	0	0	0.465|0.304|0.685	0	0	0	0	0	0	0	0	0	0	0	0
MMRF_2757_1_BM_CD138pos	0	0	0	0	0	0.535|0.413|0.659	0	0	0	0	0	0.621|0.483|0.779	0	0	0	0
MMRF_2758_1_BM_CD138pos	0.145|0.08|0.26	0	0.899|0.687|1	0	0	0	0	0	0	0	0	0	0	0	0	0
MMRF_2760_1_BM_CD138pos	0	1|0.843|1	0	0	0	1|1|1	0	0	0	0	0	0	0	0	0	0.991|0.84|1
MMRF_2761_1_BM_CD138pos	0	0	0	0	0.936|0.836|0.996	0	0	0	0	0	0	0	0	0	0	0
MMRF_2762_1_BM_CD138pos	0.833|0.59|1	0	0	0	0.139|0.073|0.257	0	0	0	0	0	0	0	1|0.845|1	0	0.186|0.076|0.413	0
MMRF_2763_1_BM_CD138pos	0.72|0.606|0.845	0	0	0	0	0	0	0	0	0	0	0	0	1|0.871|1	0	0
MMRF_2764_1_BM_CD138pos	0	0	0	0	0	0	0	0	0	0	0	0	0	0	0.615|0.467|0.758	0
MMRF_2765_1_BM_CD138pos	0	0	0	0.329|0.217|0.49	0	0	0	0	0	0	0	0	0	0	0	0
MMRF_2767_1_BM_CD138pos	0	0	0	0	0	0	0	0	0	0	0	0	0	0	0	0
MMRF_2768_1_BM_CD138pos	0	0.163|0.081|0.321	0	0	0	0	0	0.665|0.471|0.904	0	0	0	0	0	0	0	0
MMRF_2769_1_BM_CD138pos	0.698|0.516|0.91	0	0	0	0	0	0	0	0	0	0	0	0	0	0	0
MMRF_2770_1_BM_CD138pos	0	0	0	0	0	0.107|0.053|0.211	0	0	0	0	0	0	0	0	0	0
MMRF_2772_1_BM_CD138pos	0.145|0.053|0.394	0.305|0.244|0.38	0	0	0	0	0	0	0	0	0	0	0	0	0	0
MMRF_2774_1_BM_CD138pos	0	0	0	0	0	0	0	0	0	0	0	0	1|1|1	0	0	0
MMRF_2776_1_BM_CD138pos	0	0	0	0	0	0	0	0	0	0	0	0	0	0	0	0
MMRF_2778_1_BM_CD138pos	0.932|0.802|1	0	0	0	0	0	0	0	0	0	0	0	0	0	0.077|0.038|0.153	0
MMRF_2779_1_BM_CD138pos	0.619|0.511|0.741	0	0	0	0	0	0	0	0	0	0	0	0	0	0	0
MMRF_2782_1_BM_CD138pos	0	0.775|0.577|1	0	0	0	0	0	0	0	0	0	0	0	0	0	0
MMRF_2787_1_BM_CD138pos	0.79|0.574|1	0	1|0.864|1	0	0	0	0	0	0	0	0	0	0	0.924|0.779|1	0	0
MMRF_2788_1_BM_CD138pos	1|1|1	0	0.843|0.622|1	0	0	0	0	0	0	0	0	0	0	0	0	0
MMRF_2789_1_BM_CD138pos	0	0	0	0.276|0.182|0.404	0	0	0.201|0.082|0.467	0	0	0	0	0	0	0	0	0
MMRF_2792_1_BM_CD138pos	1|1|1	0	0.335|0.264|0.416	0	0.788|0.655|0.932	0	0	0	0	0	0	0	0	0	0	0
MMRF_2793_1_BM_CD138pos	0	0	0	0	0	0	1|0.74|1	0	0	0	0	0	0	0	0	0
MMRF_2794_1_BM_CD138pos	0	1|0.846|1	0	1|0.949|1	0	0	0	0	0	0	0	0	0	0	0	0
MMRF_2795_1_BM_CD138pos	0	0.73|0.542|0.956	0	0	0	0	0	0	0	0	0	0	0	0	0	0
MMRF_2801_1_BM_CD138pos	1|0.767|1	0	0	0	0	0.199|0.103|0.376	0	0	0	0	0	0	0	0	0	0
MMRF_2805_1_BM_CD138pos	0	0.941|0.722|1	0	0	0	0	0	0	0	0	0	0	0	0	0	0.396|0.224|0.649
MMRF_2808_1_BM_CD138pos	0.892|0.67|1	0	0	0	0.638|0.514|0.78	0	0	0	0	0	0	0	0	0	0	0
MMRF_2814_1_BM_CD138pos	0.874|0.754|0.998	0	0	0	0	0.789|0.666|0.897	0	0	0	0	0	0	1|1|1	0	0	0
MMRF_2815_1_BM_CD138pos	0.238|0.106|0.514	0	0	0	0	0	0	0	0	0.421|0.301|0.577	0	0	0	1|1|1	0	0
MMRF_2816_1_BM_CD138pos	0	0.224|0.174|0.286	0	0	0	0	0	0	0	0	0	0	0	0	0.291|0.205|0.366	0
MMRF_2817_1_BM_CD138pos	0	0	0.016|0.008|0.029	0	0.167|0.103|0.266	0	0	0	0	0	0	0	0	0	0	0
MMRF_2818_1_BM_CD138pos	0.117|0.052|0.26	0.657|0.513|0.82	0	0	0	0	0	0	0	0	0	0	0	0	0	0
MMRF_2819_1_BM_CD138pos	0	0.875|0.77|0.986	0	0	1|0.965|1	0	0	0	0	0	0	0	0	0	0	0
MMRF_2820_1_BM_CD138pos	1|0.93|1	0	0	0	0	0	0.329|0.165|0.615	0	0	0	0	0	0	0	0	0
MMRF_2821_1_BM_CD138pos	1|0.967|1	0	0	0	0	1|1|1	0	0	0	0	0	0	0	0	0	0
MMRF_2822_1_BM_CD138pos	0	0.354|0.234|0.525	0	0	0	0	0	0	0	0	0	0	0	0	0	0
MMRF_2823_1_BM_CD138pos	0	0	0	0	0	1|0.949|1	0	0	0	0	0	0	0	0	0	0
MMRF_2826_1_BM_CD138pos	0	0	0	1|0.838|1	0.951|0.796|1	0.124|0.055|0.263	0	0	0	0	0	0	0	0	0	0
MMRF_2828_1_BM_CD138pos	0.901|0.812|0.977	0	0	0	0	0	0	0	0	0	0	0	0.936|0.751|1	0	0	0
MMRF_2830_1_BM_CD138pos	0	1|0.813|1	0	0	0	0	0	0	0	0	0	0	0	0	0	0
MMRF_2831_1_BM_CD138pos	0	0	0	0	0	0	0	0	0	0	0	0	0	0.515|0.384|0.678	0	0
MMRF_2832_1_BM_CD138pos	0	0.687|0.59|0.791	0	0	0	0	0	0	0	0	0	0	0	0	0	0
MMRF_2833_1_BM_CD138pos	0	0	0	0	0	0	0	0	0	0	0.961|0.646|1	0	0	0	0	0
MMRF_2834_1_BM_CD138pos	0	0	0	1|0.812|1	0	1|0.859|1	0.156|0.057|0.422	1|0.98|1	0	0	0	0	0	0	0	0
MMRF_2835_1_BM_CD138pos	0	0	0	0	0	0	0.338|0.15|0.726	0	0	0	0	0	0	0	0	0
MMRF_2836_1_BM_CD138pos	0	0	0.696|0.362|1	0	0	0	0	0	0	0	0	0	0	0	0	0
MMRF_2838_1_BM_CD138pos	0.191|0.131|0.276	0	0	0	0	0	0	0	0	0.204|0.116|0.348	0	0	0	0	0	0
MMRF_2840_1_BM_CD138pos	0.962|0.831|1	0	0	0	0	0	0	0	0	0	0	0	0	0	0	0
MMRF_2847_1_BM_CD138pos	0	0	0	0	0	0	0	0	0	0	0	0	0	0	0.149|0.073|0.253	0
MMRF_2848_1_BM_CD138pos	0	0	0	0.607|0.437|0.826	0	0	0	0	0	0.199|0.088|0.442	0	0	0	0	0	0
MMRF_2851_1_BM_CD138pos	0	0	1|0.862|1	0	0	0	0	0	0	0	0	0	0	0	0	0
MMRF_2853_1_BM_CD138pos	0	0	0	0	0	0	0	0	0	0	0	0	0	0	0	0
