cna	med_timing	mean_timing	sd	min	max	first_q	third_q	n
HyperDiploidy	0	0	0	0	0	0	0	20
del_chr_13q	0.8401492469412908	0.9527421692036055	0.3397371785635567	0.37998835182665985	1.7556592376286986	0.7223201266586329	1.1642976021505558	20
del_chr_14q_MAX	0.8531065167323215	0.8794188387220011	0.333042098491198	0.3003147685389482	1.7063985214002273	0.6480398997119373	1.0711894295437316	20
amp_chr_11q	0.8611890070344206	0.928448242176982	0.6717805109703588	-0.2876231792739143	1.9394552748771035	0.6323076587819021	1.6419812427490554	20
amp_chr_1q_MCL1	1.0127185389115545	1.1184480656125169	0.316147154630888	0.6399213900770289	1.9911840028794625	0.9077610540697889	1.2808882921006592	20
amp_chr_3q_TERC	1.095524177946063	1.0968276306814724	0.6136395340872187	0.0826885092285934	2.327163490919297	0.5369163905855113	1.5278058404958261	20
amp_chr_6p	1.3195307200432786	1.3976323590675774	0.35854855430562604	0.9381633208879404	2.1192784085081287	1.1373046797349005	1.564129145245077	20
amp_chr_18q	1.3812608788105205	1.435429337873268	0.3007105227192151	0.9812352541814864	2.037220128127836	1.221298611867756	1.6939651431737552	20
del_chr_1p_EVI5	1.441447311017733	1.4175478386111584	0.3234298844096293	0.782426866276541	1.9236847258573095	1.1884101145309274	1.6080229007307016	20
del_chr_16q_CYLD	1.4923601155523287	1.5024682241784526	0.2817268779243593	0.9589177635001425	2.1154563908917035	1.3049375559542609	1.677134905293041	20
amp_chr_18p	1.5092967718740216	1.5365431380136176	0.3603381164079585	0.8848126796784362	2.4098919550777214	1.391591303436016	1.6979009838553698	20
amp_chr_3p	1.6633825789078471	1.4617567721370381	0.7091836874782841	0.11347187985875683	2.458111931272315	1.0240672538356437	1.875150276169377	20
del_chr_6q	1.684470624354303	1.6868033053391862	0.263422491502559	1.1274796421849298	2.1202726804103964	1.5655344778542801	1.8183037975199214	20
del_chr_1p_TENT5C	1.7931065411680631	1.7675545198953884	0.2993498648690185	1.2375099134894954	2.221372818407053	1.5723398907075037	1.9331062597096005	20
del_chr_22q_XBP1	1.826723455080474	1.7737725960003097	0.30354450644679387	1.1395873699651506	2.442944649794788	1.4971200592658154	1.8998250651930468	20
del_chr_8q_MYC_del	1.8998450398130964	1.8308352965182715	0.5508003444181456	0.6389637339850379	2.906497688332137	1.4373709063140434	2.2064331140833495	20
del_chr_8p	1.8998652466781065	1.944434064621729	0.3652022365082988	1.45869654025457	2.872957872021841	1.7285214329027518	2.120723495323719	20
amp_chr_8q_MYC_amp	1.9123010548420054	1.941661709577773	0.3634117375710417	1.3850214048441858	2.6836830848404767	1.7084670390428192	2.2028776728481603	20
amp_chr_17p	2.0545872797796694	2.0586363484053236	0.3646636458050095	1.4574069027060972	2.8256649071670945	1.737541475023814	2.320072982169279	20
del_chr_1p_CDKN2C	2.1641954295141357	2.1660854577092588	0.3306084679974431	1.5705098200935368	2.6584371739857504	1.9787435566728246	2.4582959912925797	20
del_chr_20p	2.1813913704422045	2.1832745113547793	0.39921767193270413	1.5220194240885334	2.9138600108373636	1.8962205181382448	2.4148003185008027	20
del_chr_12p	2.1918210103092157	2.1456215662510085	0.2401938973458614	1.7113102783642407	2.5689156853259125	1.9274752000460564	2.3251950425250296	20
amp_chr_6q	2.201281329719904	2.1969880638791786	0.33124236250087646	1.6494514385474237	2.807341997022306	1.9591132174502315	2.4137490471117022	20
amp_chr_4p	2.2825005236785065	2.32274366929165	0.3340560989299588	1.8043823012825504	3.3143671995652615	2.101983427697245	2.4540446188372558	20
amp_chr_10p	2.2863211839560442	2.256219885542585	0.49205548345183214	1.0462021116370497	3.166484703787191	2.076447435426451	2.5116379546872736	20
amp_chr_4q	2.3001480445511717	2.3889011952529544	0.4191808215775951	1.9243017639687203	3.2795086137059646	2.0481432688543983	2.576707686084694	20
del_chr_12q	2.3002991378987447	2.2703245785119477	0.4186829197008134	1.5421907553296064	2.9232495302067942	1.8922936495844673	2.6425235128594333	20
amp_chr_9p	2.386163686126436	2.457632163593255	0.4409269477029025	1.651687807054068	3.286292525104544	2.1619682099236983	2.7204743517413448	20
del_chr_2p	2.3942347845802554	2.2979553403540613	0.7793453013554408	0.6644383356816349	3.584373610534135	1.9584802325917925	2.769583961463864	20
del_chr_2q_SP140	2.4183199245322577	2.427211184871893	0.4023646102830873	1.6036686887170715	3.034009612889022	2.2785401723732326	2.770143399918289	20
del_chr_21q	2.4602412368069615	2.5114280737220867	0.6510637833520018	1.5236586913027317	3.8128746489029375	2.2128238329401215	2.6968303932736117	20
amp_chr_17q	2.4860415975290278	2.428834093713931	0.3257066345863258	1.718364268551602	3.0135277717695366	2.297434477030585	2.6232639411834118	20
del_chr_4q	2.537710868386604	2.5164631163787265	0.3917442302467259	1.944501898882004	3.114199933850271	2.1160673017796983	2.8700903413795436	20
del_chr_3p	2.537754038059941	2.595196632686698	0.9172403308603697	1.0262168796744122	4.268129013173124	1.9783710476515215	3.133047183511734	20
amp_chr_10q	2.562544315630082	2.5800397520922975	0.3424597105487327	1.9614554102469108	3.1190628894067265	2.3351065339667834	2.820708634323303	20
del_chr_20q	2.5687699003407305	2.6749148717093645	0.34978282582425707	2.13074501204921	3.3764592998496736	2.393587446129147	2.9321766293057996	20
amp_chr_9q	2.5875171067157416	2.6190928927151846	0.38729814376450733	1.9719550994166664	3.227568235622384	2.3333431296759883	2.965878209706081	20
amp_chr_2q	2.6601659408578415	2.6209719490858885	0.38667562200679523	1.872328943173521	3.244497900553861	2.360059259420691	2.9559327781485423	20
amp_chr_2p	2.6760332888295455	2.652245733609142	0.31064935785798237	2.1171090305605493	3.3228465308070194	2.4802555007567495	2.8485691671739306	20
amp_chr_21q	2.710651663892302	2.7247908712266473	0.5448367303509936	1.8675522111633547	3.724576486404255	2.3218336246522484	2.9477209451327826	20
del_chr_18p	2.7184636079066	2.712699741981985	0.44592448931445466	1.8137698625984513	3.7676857104566985	2.389832135618062	2.900235664681559	20
del_chr_10p	2.7499312319405806	2.6717559069151786	0.43480900193245925	1.9848486292711967	3.3467272668893746	2.312217634738602	3.0246261680074173	20
del_chr_4p_NSD2	2.811029987892693	2.775581487885716	0.43165205501630116	2.0104732940312475	3.812513610380462	2.497830496106057	2.988468177768706	20
del_chr_6p	2.8594016612988455	3.0221177258850793	0.7032610957527932	1.8333616638053651	4.710626498803396	2.5146342622324127	3.5171180893703116	20
amp_chr_16p_BCMA	2.9038073478958815	2.9232287379405197	0.3343107294283491	2.4033863212513014	3.6626525677440025	2.7152134960486136	3.08547552532731	20
del_chr_18q	2.942994604266058	2.869018956667969	0.5960439970630603	1.6257419262689237	4.384449912279919	2.4601541960894666	3.083340488618857	20
del_chr_11q_BIRC2	2.9719670173903454	2.9347991905954562	0.5343652672539675	2.003684807265018	3.749550936687034	2.4563700767661336	3.3224718833457505	20
amp_chr_19p	3.0074111036809	2.9922564979820634	0.46056834875420055	1.926206943037703	3.7476685094628843	2.689736494011246	3.2051054268023735	20
del_chr_1q	3.1211595789790345	3.122417857604089	0.4451854183320306	2.1837278246611866	3.899090558297905	2.9118924392476457	3.393677840633972	20
amp_chr_11p	3.1678670142029484	3.2210710998365615	0.7608894791447529	1.9875596708969974	5.23524773879987	2.602354941353581	3.6538011619963613	20
amp_chr_7q	3.1755625646698364	2.9244616531109164	0.9419404818401376	1.0526252482317195	4.462588652506208	2.3254869272189005	3.364208498454832	20
del_chr_16p	3.291564252286876	3.2731087604647886	0.3783793729705797	2.5082720663408455	3.8078982684572504	3.047896458860385	3.5284106209326778	20
amp_chr_5p	3.316734414575672	3.3053846017959576	0.933877606421	1.1118976464054906	5.212079625197694	2.909956205170875	3.633681745083491	20
del_chr_11p	3.349983890177961	3.336903730609773	0.6975184041445074	1.9403981780232944	4.666121404802054	3.011869951587136	3.67666527632091	20
del_chr_5q	3.3619571473732157	3.3535692849479446	0.5751721493154124	2.5169796326652194	4.628666194398642	2.856967694480028	3.6835295090694635	20
del_chr_17p	3.364406392106658	3.4151445350853025	0.37252944660886744	2.86213155211689	4.133299182792056	3.187981352522525	3.559401364898715	20
del_chr_3q_BCL6	3.397803686246517	3.3705230640479695	0.5653329591832293	2.230100400794691	4.3540286999813	2.986014688843018	3.7288699936990923	20
amp_chr_19q	3.4082505837727615	3.4449346160244354	0.8233546522630237	1.836846272554709	5.541727542394859	3.09196999094486	3.7094874704855254	20
amp_chr_15q	3.4512246617487934	3.3502369093272972	0.6199657298966577	1.990302114489056	4.262231491969324	3.050874591743702	3.6729524954367765	20
amp_chr_5q	3.4711378774151442	3.3371620660635988	2.053961672245288	-0.5775769645293761	6.652480053424107	3.1260293753662585	4.546359206354174	19
del_chr_10q	3.47187147461244	3.327954958440002	0.3795096823440997	2.5902233287692376	3.8578782629346184	3.011316966999235	3.5759117058376138	20
del_chr_15q	3.5759585106391567	3.7094363789224127	0.6460115586342291	2.774688000400782	5.311943707926334	3.4076498858698976	4.021820918247651	20
del_chr_7p	3.5894623315517724	3.6343655297205837	0.4837890388840334	2.7390095363746934	4.401826785643724	3.385179188087201	3.8777396054985975	20
amp_chr_20q	3.6240635907258576	3.6262813964844134	0.32012638268409793	3.0967477687546694	4.385352572131812	3.3821416987280744	3.8507126539821446	20
amp_chr_8p	3.646669543992144	3.5889731676125276	0.3547731139599456	2.7965414926133003	4.0910206095832145	3.3040464300861876	3.8619434306256224	20
del_chr_9p	3.68636432452024	3.811246102210247	0.5664370340402676	2.9296447763415485	5.292628047703179	3.4852217466566593	4.118517617930503	20
del_chr_5p	3.7041658682253398	3.6536772873816217	0.6575651260819537	2.548286834854148	4.924058361265248	3.1319856507790433	4.066946179597683	20
amp_chr_12p	3.8844682340455456	3.985192180692034	0.6373666853565249	2.939165691607498	5.516794992953165	3.604892298658239	4.209114677453187	20
amp_chr_7p	3.9123635906348166	3.8496113478177763	0.9918431042752041	0.6073626173918356	5.06023472691965	3.7151031185402896	4.438228780104923	20
amp_chr_20p	3.9362943454607646	3.961318413898094	0.363491859865741	3.066965239375913	4.452271916728913	3.77095610168044	4.250564519462333	20
amp_chr_1p	3.9510983927620513	4.075600688621441	0.5267953116073248	3.378435388476647	5.164719575050428	3.6623814346703183	4.340114805783441	20
amp_chr_12q	4.195305886505567	4.364350773472553	0.5642056871890649	3.644422924811413	5.899816216530727	4.0066397135505	4.47373670836386	20
amp_chr_14q	4.434968797350471	4.622265481123615	0.43518996998232323	4.0773013321787	5.441552760722404	4.255451932137525	5.021275093871551	20
del_chr_17q	4.661289052658924	4.73633943999109	0.46098859692168054	4.100279295950687	5.727894552409394	4.3684993696036685	4.978537682363022	20
amp_chr_16q	4.679455621912668	4.729716861967015	0.6197427742004155	3.548943193704271	5.860079861017513	4.34677358099796	4.9921445416186945	20
del_chr_7q	4.898828869408898	4.730445182786732	0.595020077144419	3.5725440993267146	5.829987077063331	4.293042228582269	5.150114591927431	20
del_chr_9q	5.195016826920067	5.616500694175919	1.2116990923139574	3.8814729261019147	8.595816713015846	4.902149130836821	6.5086607474191505	20
amp_chr_22q	5.210461060784942	5.327365201484146	0.5882899541147	4.224574637842589	6.470124921170971	5.072212693554997	5.704380041427738	20
amp_chr_13q	5.23619606534339	5.2099608178881764	0.5969717344323	3.7907752906533982	6.251230786167193	4.694898680355106	5.621862487677727	20
del_chr_19q	5.465725989888429	5.541807355728808	0.47848219612558257	4.8836587869978425	6.616726128702266	5.22160355071148	5.897705290033218	20
del_chr_19p	10.11753082081551	10.139082639418161	0.31898686342535654	9.599300316394384	10.951097127128925	9.978802392217473	10.328730556318021	20
